150
D_mel_bunya_GPC                               0.0000000 4.2213035 4.1613884 4.1479590 6.2449587 4.2499675 4.4466069 4.2662307 4.3525057 4.3028769 4.9539440 4.4000561 4.2291700 5.0809025 4.7309522 4.9644057 4.9593987 4.2671470 4.0501471 4.7883338 4.4598611 4.3787478 4.6554152 4.5230584 4.0924529 4.2465116 4.2174925 4.4404980 4.4547116 3.9324932 4.1704669 4.5741832 3.8419875 3.8830297 3.9074097 4.0594283 4.3426557 4.5078986 4.0476803 4.0331032 3.9013373 3.9039883 3.9148774 3.9848155 3.9102743 3.9243488 3.8607846 4.1378796 4.3312926 4.0911798 3.9881163 4.2259215 4.0650581 4.1473465 4.1324199 4.0013123 4.1939548 3.9317013 4.2961014 4.3625869 4.1362825 4.1585099 4.1832993 4.2263178 4.2179667 4.3950979 4.0115345 4.3751202 4.1059735 4.2336223 4.2574540 4.4030070 4.3902659 4.5472434 4.3435391 4.1024431 4.1077524 4.1354527 4.2007921 4.0171213 4.1204736 4.1905267 4.0957206 4.1408520 4.2157791 4.3018838 4.3038085 4.2204862 4.2045037 4.2310411 4.4781142 4.5291576 3.9886519 4.1317395 4.1855440 4.3416915 4.7634789 4.2409816 4.0154877 4.2196049 4.1403251 4.0798503 4.1145636 4.1687600 4.0359864 4.2057832 4.4061764 4.0362767 4.7629400 4.2936045 4.4346286 4.3792831 4.5673988 4.5248962 4.2691486 4.4949504 4.3861445 4.1322553 4.4658369 4.6344843 4.1495659 4.1221480 4.1791891 4.0644946 4.1296672 4.6458457 4.6498733 4.4237793 4.5564592 4.6425650 4.4894954 4.5894757 4.4917481 4.5177525 4.4255812 4.2886307 4.5821637 4.5994654 4.6244264 4.6730299 4.9673277 4.0768506 5.1764679 6.9635030 4.2905990 4.6469765 6.8720566 6.8675631 6.8298531 7.9456270 
San_Juan_virus_YP_010840652                   4.2213035 0.0000000 0.0932753 0.1992559 4.0980036 1.0843435 1.0742293 0.9363097 0.9490026 0.9448852 2.5147599 0.9506973 0.9160684 2.4853719 2.4672010 2.3888667 2.4606992 1.8009585 1.5834755 1.7310685 1.0325974 0.9904424 1.6490548 1.0327708 1.8274412 1.8550559 1.2401881 1.7292227 1.0168307 1.2585461 1.7835889 1.8723394 1.2625566 1.2271500 1.2294679 1.7935480 1.0679393 1.3398493 1.2129227 1.2236286 1.2447054 1.2603745 1.2297710 1.2448053 1.2379626 1.2367064 1.2410165 1.7679941 1.8570570 1.8876667 1.2697203 1.7869189 1.8040404 1.3290342 1.7536224 1.7838553 1.3385653 1.3377988 1.8270203 1.8457777 1.7835554 1.2871628 1.7776999 1.4170257 1.7117909 1.8092399 1.6663566 1.4133099 1.8107748 1.3392565 1.3814429 1.3116685 1.3354951 1.4201434 1.3480733 1.3447833 1.7431602 1.7694936 1.7354572 1.7809994 1.8606642 1.8460488 1.8108076 1.8356475 1.3471102 1.8247009 1.8586750 1.2721830 1.6841325 1.5375416 1.9439102 1.7422270 2.0004291 1.7508947 1.3892142 1.8320549 1.9359559 1.8234992 1.6981383 1.2822410 1.8096182 1.7985368 1.7373701 1.7555636 1.6682272 1.7462276 1.8415095 1.7994112 1.9072224 1.8269785 1.6937415 2.0202647 1.3833714 1.4193096 1.3844787 2.2250613 1.3812310 1.3399280 1.3859718 1.3587277 1.5906846 2.0457512 1.9517542 1.9567008 2.0945743 2.0165701 1.9858280 2.1287525 1.9214514 1.9073891 2.0628649 2.1752433 2.1356547 2.1092525 2.0953832 2.0388577 1.7432811 1.7107857 1.7840130 1.7850070 1.8189595 1.8438533 4.0182765 4.4790112 0.9540760 2.9840430 4.9611783 4.6626429 4.4352983 5.1103355 
Gamboa_virus_YP_009507872                     4.1613884 0.0932753 0.0000000 0.2058966 4.0690657 1.1255658 1.0824990 0.9379769 0.9490616 0.9426395 2.4878000 0.9623532 0.9380899 2.4424135 2.4383308 2.3515678 2.4548179 1.8039535 1.5808460 1.7102561 1.0128762 1.0032866 1.6330851 1.0586284 1.7776912 1.8255921 1.2477774 1.7010196 1.0343260 1.2221564 1.7829457 1.8836372 1.2313832 1.2282865 1.2153577 1.7701711 1.0843111 1.3344950 1.2056136 1.2002302 1.2101081 1.2191035 1.2066224 1.2085969 1.2019037 1.2103718 1.2192151 1.7379727 1.8295568 1.8508635 1.2515955 1.7976863 1.8042727 1.3168273 1.7323761 1.7313049 1.3263325 1.3194259 1.8009582 1.8125522 1.7569082 1.2895296 1.7608061 1.4144402 1.6819147 1.8167974 1.6696403 1.3804358 1.7937493 1.3244480 1.3453960 1.3009915 1.3193626 1.3994430 1.3120917 1.3246111 1.7125365 1.7429007 1.7609150 1.7502843 1.8530092 1.8518319 1.7872032 1.8494435 1.3126104 1.7947224 1.8769232 1.2733613 1.6921791 1.5693757 1.9579297 1.7466171 1.9653863 1.7047935 1.3967397 1.8184082 1.9472501 1.8078124 1.6968712 1.2629789 1.8219212 1.8156810 1.7013627 1.7132558 1.6382155 1.7251496 1.8390614 1.7407952 1.9489451 1.8144519 1.7014988 1.9962746 1.3599045 1.3875865 1.3548928 2.1655486 1.3592742 1.2959955 1.3829015 1.3324793 1.5937660 2.0487600 1.9442837 1.9595019 2.0953312 2.0367759 2.0011798 2.1502294 1.9393495 1.9308311 2.0997335 2.2313241 2.1500989 2.1561614 2.1594050 2.0204011 1.7498647 1.6985669 1.8007207 1.8005584 1.8224191 1.8353457 4.0449384 4.4426717 0.9876084 2.9645523 4.8364235 4.5684402 4.4093074 5.1414033 
Alajuela_virus_YP_009507856                   4.1479590 0.1992559 0.2058966 0.0000000 4.0860716 1.1293468 1.1130040 0.9759110 0.9780739 0.9533125 2.4324529 0.9890611 0.9675084 2.4839586 2.4239569 2.4135886 2.4528385 1.8739747 1.5944477 1.7506712 1.0421934 1.0441656 1.6536827 1.0816703 1.8146474 1.8661184 1.2904384 1.7114828 1.0633986 1.2935226 1.8323140 1.8517203 1.2837960 1.2696468 1.3052572 1.8227607 1.0888667 1.4003569 1.2904145 1.3238343 1.2770170 1.3149527 1.3081156 1.3138611 1.2687385 1.3114152 1.2887550 1.7845603 1.8618908 1.8516311 1.2653908 1.8232305 1.8450817 1.3306713 1.7883496 1.8255927 1.3340240 1.3386293 1.8779828 1.8461163 1.7732086 1.3240800 1.7997442 1.4588928 1.7362049 1.8619598 1.7423408 1.4135778 1.7884601 1.3222112 1.3480880 1.3123784 1.3225891 1.4248967 1.3641891 1.3426679 1.7680457 1.7343073 1.7875259 1.7945232 1.9099898 1.9341372 1.8640782 1.9357744 1.3697869 1.8516716 1.9304607 1.3180484 1.6848520 1.6422950 1.9410424 1.7546230 1.9742057 1.7823157 1.4563756 1.8721362 1.9879092 1.9170099 1.7645986 1.2805338 1.8559513 1.8679217 1.7513398 1.7432824 1.6766429 1.7722251 1.8832329 1.8558591 1.9651214 1.8699969 1.6849541 2.0447499 1.3947748 1.3851624 1.4149096 2.2134821 1.4103687 1.3447449 1.4113588 1.3984788 1.6959251 2.0237583 2.0193065 1.9333518 2.0866517 2.0179307 2.0142021 2.2076933 1.9470292 1.9685998 2.1332307 2.2237516 2.1361972 2.1331168 2.1285115 2.0728555 1.7625696 1.7182856 1.7653164 1.7555691 1.8653055 1.8858847 3.9810531 4.4530932 1.0234783 2.9814018 4.8393088 4.7277423 4.4380650 5.2506217 
Shuangao_Insect_Virus_1_YP_009300682          6.2449587 4.0980036 4.0690657 4.0860716 0.0000000 4.2009978 4.2002963 4.0294261 4.1316356 3.9581598 4.4529633 3.9683754 3.8277985 4.6285779 4.4869172 4.4162929 4.5688408 4.0503476 4.2714037 4.2230048 4.2612472 4.2524048 4.3574039 4.1936929 4.0754532 4.0312535 4.1046864 4.1352374 4.1778044 3.9713913 3.8899702 4.2677629 4.0020653 4.0939009 3.9490340 3.6963644 4.2559466 4.0815005 4.0139381 4.0156585 3.8993524 3.9742472 4.0212684 4.0344043 3.9137480 4.0346622 4.0689527 3.9028719 4.0676692 3.8938798 3.7708110 3.9396789 3.9912286 3.7164185 3.9068693 3.9134990 3.7570515 3.6842214 4.1511834 4.1221959 3.8397502 3.6659832 3.9280420 3.9219027 3.7196439 4.0950943 3.7976010 3.7711128 3.9080464 3.7665687 3.6343382 3.7242963 3.7221092 3.8955178 3.9732389 3.6894624 3.8418846 3.8114145 3.9636631 4.0163579 4.5317641 4.4685696 4.4130842 4.4794375 3.8889818 3.9545218 4.1989212 3.6801221 3.8251657 4.3489722 4.2334827 3.9506200 4.0851212 3.8269823 4.0665766 4.1032542 4.0621636 3.8598485 3.9002741 3.7133715 4.4441229 4.0187350 3.8161375 3.8604035 3.8609646 3.9441455 3.9023384 4.1050939 4.3415967 4.4315585 4.5656639 4.0891747 3.6784830 3.7791223 3.7362453 4.2539054 3.8723468 3.7683872 4.2250094 3.7401501 4.2075193 4.1972778 4.5460461 4.1538133 4.2844716 4.7365472 4.6840006 4.0736246 4.4405686 4.4074690 4.0595962 4.0890317 3.9345205 3.9616474 3.9360441 4.2236544 4.1551109 4.3240125 4.3875581 4.3513544 4.0944087 4.5396488 5.2359480 7.1294662 4.0286547 3.7866478 5.5451647 5.5175449 5.1540157 5.3630199 
Baakal_virus_YP_010840739                     4.2499675 1.0843435 1.1255658 1.1293468 4.2009978 0.0000000 0.5502807 0.8500372 0.8426193 0.8239833 2.4180449 0.8321652 0.8223420 2.4406254 2.4469772 2.4844697 2.4283851 1.7148406 1.6933147 1.8761332 1.0884407 1.0933195 1.9099487 1.1245538 1.7761905 1.8965085 1.3124832 1.9132022 1.0590607 1.3187687 1.7320267 1.9745853 1.3373580 1.2695168 1.2913241 1.8484003 1.1382320 1.4764420 1.2971197 1.3179234 1.3124148 1.3023548 1.2756764 1.2744082 1.3015696 1.2569140 1.2485335 1.7673952 1.7912545 1.8717994 1.3516020 1.8882300 1.7371603 1.3875483 1.8611960 1.7522148 1.3897187 1.3189297 1.7728380 1.8164830 1.7731289 1.3204376 1.8362578 1.3984214 1.7911665 1.8583803 1.7254931 1.3280147 1.8449254 1.3268374 1.3127424 1.3355767 1.3472321 1.3280065 1.3414265 1.3193425 1.7662526 1.7600109 1.7984372 1.7546667 1.9198412 1.9248630 1.8571112 1.9700867 1.3921156 1.7662684 1.8119239 1.3664095 1.7934528 1.6263628 1.9739176 1.7605449 2.0320128 1.7596189 1.5211412 1.8036720 2.0704583 1.7717268 1.7351533 1.3720500 1.8902616 1.8859072 1.7558628 1.7616336 1.7031645 1.8129832 1.8544351 1.8438912 2.0890189 1.8914756 1.8009180 2.0134302 1.5015778 1.4810440 1.4704642 2.0729597 1.4702136 1.4788834 1.5573542 1.5173153 1.7656926 2.1002727 1.9972820 2.0462811 2.1130835 2.0886654 2.0073912 2.2918924 1.9645093 1.9458112 2.1637737 2.2522511 2.1534879 2.1749609 2.1121976 2.1159933 1.9028865 1.8284826 1.8248516 1.8161332 1.9493537 1.9405177 4.1342045 4.5376812 0.5138965 3.2526929 4.8703900 4.6604245 4.4853166 5.2769493 
Botambi_virus_YP_010840790                    4.4466069 1.0742293 1.0824990 1.1130040 4.2002963 0.5502807 0.0000000 0.8453736 0.8379646 0.8323990 2.4271930 0.8701611 0.8357890 2.4691045 2.3249974 2.4031002 2.4225361 1.8719024 1.7858492 1.8944197 1.0450262 1.0921093 1.9199629 1.0844991 1.9456648 2.0309001 1.4522778 1.9105567 1.0470882 1.3560197 1.8839497 2.0424658 1.3855250 1.3903380 1.4057598 1.9729935 1.0851470 1.5499149 1.4214534 1.3929417 1.4053917 1.3764813 1.3851140 1.4070645 1.3998983 1.3486002 1.3739776 1.9415692 1.8939949 2.0188947 1.4540837 1.9872308 1.9303308 1.4799281 1.9622167 1.9213796 1.4996561 1.4328474 1.8751019 1.8739759 1.9520262 1.3595464 1.9837733 1.4577785 1.8189593 1.8673028 1.8906623 1.4005642 1.9736296 1.3493915 1.3426304 1.3509360 1.3642907 1.3999425 1.4016538 1.3414495 1.9367056 1.9045554 1.8796875 1.9218966 2.0058300 1.9685065 1.9367868 2.0649479 1.4319014 1.8831615 1.9872262 1.4110907 1.9056041 1.7228948 2.0326941 1.8854143 2.1697634 1.9296952 1.6299083 1.9146402 2.0684018 1.9161034 1.9023961 1.4372224 1.9817850 1.9002922 1.9316660 1.8800468 1.8723216 2.0104331 1.9664945 1.9010319 2.0918022 1.8677381 1.8795841 2.1707168 1.5839580 1.5114607 1.5012110 2.2611351 1.5089088 1.5202283 1.5120066 1.6069275 1.7957732 2.2792423 2.1269031 2.1843499 2.1726622 2.1313879 2.0039884 2.3778946 1.9926269 1.9959242 2.2170868 2.3052614 2.2553981 2.3231980 2.2893344 2.2126271 1.9275654 1.9297460 1.9098929 1.9031672 1.9410567 1.9867287 4.1234972 4.6600883 0.5576664 3.1924109 4.8427274 4.6512391 4.6472255 5.0813747 
Turlock_orthobunyavirus_YP_010840637          4.2662307 0.9363097 0.9379769 0.9759110 4.0294261 0.8500372 0.8453736 0.0000000 0.2181082 0.2302261 2.3163633 0.1806966 0.1791600 2.3510437 2.2901668 2.3066234 2.3336737 1.8346863 1.5660115 1.7914096 0.9716563 0.8967744 1.7270450 0.9772156 1.8387276 1.8364077 1.2144941 1.8164440 0.9278895 1.2604776 1.8114307 1.8795325 1.2673218 1.1982114 1.2459242 1.8465221 0.9834868 1.2633667 1.2502984 1.2557367 1.1960705 1.1746255 1.2041075 1.2170459 1.1900544 1.2080167 1.2101631 1.7357619 1.7933501 1.8002485 1.2706797 1.8437686 1.7420999 1.3473758 1.8125144 1.7480683 1.3523704 1.3070884 1.7729949 1.8163475 1.8275596 1.2848263 1.8235499 1.3435547 1.7401364 1.7914007 1.7010477 1.3305512 1.8178111 1.2453762 1.3016006 1.2437368 1.2604997 1.3535658 1.2923378 1.2409183 1.7856861 1.7159511 1.7516090 1.6697688 1.8528804 1.8586043 1.8058966 1.9194971 1.3330667 1.7421097 1.7980266 1.3220137 1.7253222 1.6053841 1.8977220 1.7460411 2.0994070 1.6933545 1.3889195 1.8841399 1.8455897 1.7900119 1.7466825 1.2932878 1.8063476 1.8137370 1.6881094 1.6688930 1.6765896 1.7547592 1.9113746 1.7750376 1.9932375 1.8975762 1.8690780 1.8097849 1.3424090 1.3287254 1.3173249 2.2192120 1.3386963 1.3039635 1.4529638 1.3585354 1.7063613 2.0068500 1.8962716 1.9143541 1.9846863 2.0218807 1.9168710 2.2128700 2.0956731 2.1160359 2.0988772 2.1682092 2.0535369 2.0714204 2.1311797 1.9909848 1.8038495 1.7316478 1.8563641 1.8494832 1.8189196 1.8411639 4.0959440 4.3293248 0.7201315 3.0310718 5.0181957 4.6430207 4.6767840 4.9380052 
Umbre_virus_YP_009664558                      4.3525057 0.9490026 0.9490616 0.9780739 4.1316356 0.8426193 0.8379646 0.2181082 0.0000000 0.1298200 2.3712854 0.2118363 0.2179458 2.3824265 2.2627358 2.3411514 2.3156391 1.8111911 1.5812407 1.7376239 0.9890278 0.9478333 1.6852582 0.9563910 1.7884668 1.8270220 1.2389607 1.8228728 0.9297639 1.2986479 1.7998533 1.8297821 1.3023278 1.2139602 1.2183688 1.8082037 0.9914841 1.2963641 1.2246319 1.2564274 1.2139238 1.1954716 1.1960547 1.2370148 1.2058599 1.2052302 1.1954700 1.7228965 1.8124495 1.8291189 1.3538480 1.8419045 1.7686973 1.3835966 1.8027734 1.7465953 1.3828377 1.3524560 1.7645941 1.8159272 1.7857881 1.3206880 1.8161337 1.3514287 1.7152067 1.7357872 1.6731871 1.3424405 1.8344296 1.2684050 1.2885897 1.2451787 1.2646348 1.3638045 1.3073913 1.2647740 1.7655085 1.7272808 1.8014357 1.6292580 1.9213192 1.9306041 1.8414139 1.9754726 1.3003960 1.7621778 1.8131275 1.3320926 1.7708670 1.5891708 1.8873799 1.7400447 2.0939482 1.6738070 1.4269839 1.8431228 1.8439808 1.7977284 1.7242732 1.2936918 1.8856119 1.7664719 1.6876147 1.7146793 1.6613850 1.7500828 1.8869578 1.7794768 1.9471342 1.9139884 1.9214222 1.8583931 1.3917251 1.3675586 1.3644570 2.1789202 1.3945465 1.3478669 1.4722542 1.4075763 1.6682444 2.0496337 1.8998946 1.9939211 2.0109362 2.0859728 2.0309118 2.2751146 2.1155918 2.1382280 2.1003812 2.2121176 2.0515280 2.0787178 2.0750757 2.0296913 1.7365379 1.7186840 1.8088935 1.7930573 1.8393792 1.9371788 4.1083370 4.4778809 0.7274379 3.0138162 4.8389211 4.6110255 4.4872892 4.5993505 
Umbre_virus_YP_010840626                      4.3028769 0.9448852 0.9426395 0.9533125 3.9581598 0.8239833 0.8323990 0.2302261 0.1298200 0.0000000 2.2957379 0.2100051 0.2225902 2.3401038 2.2208916 2.3148084 2.3014136 1.7844914 1.5752602 1.7754854 0.9812418 0.9176322 1.7345559 0.9574793 1.8221544 1.8460065 1.2500516 1.7760500 0.8918461 1.3044366 1.8152148 1.8422742 1.3100366 1.2232573 1.2183915 1.8350425 0.9746590 1.3114430 1.2400029 1.2534305 1.2082673 1.2012173 1.2151006 1.2583015 1.2073890 1.2172310 1.2139720 1.6999486 1.8098220 1.8270747 1.3123523 1.8650259 1.7430210 1.3563936 1.7857395 1.7549313 1.3606558 1.3286266 1.7585276 1.7827354 1.7901375 1.2720178 1.7613895 1.3186305 1.7347898 1.7566507 1.7166529 1.3083050 1.8326913 1.2220091 1.2277926 1.2137694 1.2280983 1.3312182 1.2911212 1.2368409 1.7818407 1.6977802 1.7380158 1.6680808 1.8858912 1.8800045 1.8404844 1.9510743 1.2816081 1.7382375 1.8024374 1.3466247 1.7278439 1.5917174 1.8452197 1.7358808 2.0404963 1.7124535 1.4247282 1.8590880 1.8045566 1.7830233 1.7373545 1.2686058 1.8699133 1.8279389 1.7241715 1.7187957 1.6674660 1.7428314 1.8851787 1.7728157 1.9205458 1.8659875 1.8060035 1.8358198 1.3691294 1.3267826 1.3484492 2.1873700 1.3516473 1.3190558 1.4776401 1.3904444 1.6833497 2.0248044 1.8911706 1.9607053 1.9870015 1.9968663 1.9867427 2.2774730 2.0525558 2.0593763 2.0825332 2.1773231 2.0403392 2.0628115 2.0597616 2.0114849 1.7650387 1.7621715 1.8128638 1.7970353 1.8524191 1.8958590 4.0594534 4.3689043 0.7177164 3.0470653 4.7349996 4.4621234 4.4360882 4.7366410 
Chilibre_virus_YP_010839480                   4.9539440 2.5147599 2.4878000 2.4324529 4.4529633 2.4180449 2.4271930 2.3163633 2.3712854 2.2957379 0.0000000 2.2634791 2.2777119 0.4754065 0.3602697 0.5301390 0.5571953 2.3274416 2.3895414 2.5104931 2.3453590 2.2907730 2.4228186 2.3915025 2.4801423 2.3633154 2.4459692 2.5547104 2.3074520 2.3087732 2.4895484 2.6255566 2.2734452 2.3397873 2.3037425 2.4005737 2.4180153 2.4666523 2.3387714 2.3028164 2.2666171 2.2770604 2.2898707 2.3179651 2.2723790 2.2764934 2.2393299 2.3458865 2.3563978 2.3441336 2.1180990 2.4424126 2.5772232 2.1530541 2.4052544 2.2816703 2.1698142 2.1074564 2.3313252 2.3962849 2.4381249 2.1002075 2.4404500 2.2504909 2.3473543 2.3447781 2.3490174 2.1644455 2.4391768 2.1213703 2.1667148 2.1806773 2.1844590 2.1659200 2.1568385 2.0852268 2.4155971 2.4604376 2.3355614 2.3873408 2.3455623 2.2975633 2.2742960 2.3720699 2.2040043 2.3455208 2.2015716 2.1901607 2.3171168 2.4378832 2.5128391 2.2968775 2.4394545 2.3304305 2.2813237 2.4369056 2.4389638 2.3143194 2.3950772 2.1419013 2.2896087 2.4811396 2.2753308 2.3605129 2.2910027 2.4168613 2.4206028 2.3423281 2.5223981 2.2369066 2.3953898 2.3922450 2.2667735 2.2133856 2.1913836 2.6505455 2.2782085 2.2710133 2.4347443 2.2325011 2.2992674 2.6065180 2.3276371 2.5602283 2.5691523 2.4684648 2.5730427 2.3804157 2.4819237 2.4643201 2.3187106 2.4068056 2.4755068 2.4928654 2.4308289 2.3883352 2.3573041 2.3150801 2.3681644 2.3630602 2.3628624 2.2093874 4.8932132 5.0048201 1.9910368 3.3114046 5.2671752 5.2916799 5.3567262 5.7441213 
M_Poko_virus_YP_010840679                     4.4000561 0.9506973 0.9623532 0.9890611 3.9683754 0.8321652 0.8701611 0.1806966 0.2118363 0.2100051 2.2634791 0.0000000 0.1130825 2.2867337 2.2115980 2.2360231 2.2685966 1.8261789 1.5417050 1.7489059 0.9578299 0.9042705 1.7358269 0.9664135 1.8227520 1.8363795 1.2399505 1.8148356 0.9078234 1.2969572 1.7828022 1.8857662 1.3046168 1.1935274 1.2464816 1.8192246 0.9706920 1.3481486 1.2336752 1.2612052 1.2140510 1.1683730 1.2047423 1.2261247 1.2060607 1.2046849 1.2104225 1.7241475 1.8006833 1.7973041 1.3403652 1.8419508 1.7705332 1.3930899 1.8114273 1.7511907 1.4005339 1.3329680 1.7581820 1.7400348 1.7932459 1.3038445 1.8125968 1.3483550 1.7419944 1.8009626 1.7152408 1.3417995 1.8173623 1.2632897 1.2946906 1.2441981 1.2653422 1.3645736 1.2665453 1.2565770 1.7933521 1.7414162 1.7896493 1.6716330 1.8700371 1.8457565 1.7785744 1.9046263 1.3049173 1.7583201 1.8128539 1.3436750 1.7559953 1.6581410 1.8855508 1.7518074 2.0673840 1.7048305 1.4368767 1.8356155 1.7787930 1.7944322 1.7425255 1.3229954 1.8056378 1.7845236 1.6954112 1.7078883 1.6922196 1.7418602 1.8823535 1.8018858 1.9772905 1.8019289 1.8736734 1.8242955 1.3662042 1.3290121 1.3520807 2.1678908 1.3545827 1.3291517 1.4724008 1.3839029 1.6992344 2.0656582 1.9522615 1.9428948 2.0067131 2.0277961 1.9409158 2.2204051 2.0288092 2.0344069 2.0655113 2.1519662 2.0161549 2.0512601 2.0696659 1.9864648 1.7727865 1.7427313 1.8437308 1.8363419 1.8868884 1.8251213 3.9914602 4.2778789 0.7372045 3.0198279 4.9240997 4.6725422 4.5755999 4.5923760 
Lednice_virus_YP_010840628                    4.2291700 0.9160684 0.9380899 0.9675084 3.8277985 0.8223420 0.8357890 0.1791600 0.2179458 0.2225902 2.2777119 0.1130825 0.0000000 2.3174030 2.2415477 2.2861213 2.2262507 1.7694899 1.5163882 1.7143154 0.9267690 0.8876380 1.6911926 0.9306200 1.7556360 1.7832712 1.2172221 1.7984320 0.8758159 1.2668743 1.7452517 1.8798684 1.2492495 1.1832603 1.2155827 1.7865985 0.9618683 1.3115284 1.2048563 1.2388644 1.1916272 1.1765881 1.1875955 1.1793124 1.1894006 1.1914165 1.2034664 1.6755727 1.7718956 1.7639228 1.2875483 1.7844339 1.7258904 1.3271673 1.7698087 1.7258661 1.3353244 1.2994487 1.7421680 1.7281180 1.7529094 1.2792061 1.7673662 1.3397730 1.7099069 1.7402555 1.6433618 1.3342482 1.7824961 1.2909802 1.2889526 1.2491135 1.2705557 1.3729489 1.2881281 1.2603898 1.7363753 1.7114209 1.7399530 1.6172536 1.8236740 1.8125752 1.7326209 1.8365560 1.2956255 1.6893629 1.7231760 1.3179399 1.7589088 1.5655957 1.8888478 1.6856624 1.9910540 1.6836609 1.3942620 1.8397006 1.8046251 1.7378403 1.6916784 1.3125197 1.7415356 1.7342877 1.6601061 1.6657184 1.6451208 1.7072201 1.8362383 1.7409104 1.9814778 1.7832398 1.8002808 1.7651398 1.3202783 1.3271405 1.3121309 2.1056600 1.3340802 1.3109119 1.4729624 1.3471542 1.6800007 2.0709250 1.8665309 1.8896445 2.0182607 1.9698123 1.9022101 2.1713119 2.0075913 2.0016027 2.0131945 2.1006390 1.9950391 2.0298584 2.0477982 1.9255831 1.7744928 1.7515896 1.8058357 1.8013398 1.8164375 1.7839944 3.9402507 4.2519026 0.7117696 2.9963308 4.7512997 4.5130414 4.5129226 4.6074302 
Rio_Preto_da_Eva_virus_YP_009666932           5.0809025 2.4853719 2.4424135 2.4839586 4.6285779 2.4406254 2.4691045 2.3510437 2.3824265 2.3401038 0.4754065 2.2867337 2.3174030 0.0000000 0.4732562 0.5850894 0.6084718 2.3231210 2.4657531 2.4613134 2.3539361 2.3126449 2.4055113 2.4346195 2.4583131 2.3298988 2.3504338 2.4469747 2.3134569 2.2288070 2.4580919 2.6529317 2.2573201 2.3703880 2.3391995 2.3492064 2.3410747 2.4161409 2.3760209 2.3314944 2.2144889 2.2321867 2.2650906 2.3369668 2.2088397 2.2667944 2.2352221 2.3176550 2.3507423 2.3326643 2.2576848 2.3547188 2.4780059 2.2150682 2.3300847 2.2173739 2.2107943 2.1380652 2.3200867 2.3720117 2.3572036 2.1320971 2.3503371 2.1971389 2.2879471 2.3132037 2.2315054 2.1886109 2.3336514 2.1132986 2.1112715 2.1267545 2.1320331 2.1728388 2.1944589 2.1047695 2.2825749 2.5324512 2.3689760 2.3535017 2.3806879 2.3905679 2.3500092 2.3894121 2.2181927 2.4294879 2.3297066 2.1921604 2.4516469 2.3202590 2.6223101 2.3151994 2.5189323 2.1865985 2.3392093 2.5034956 2.5470969 2.3385991 2.3457140 2.2163861 2.2878396 2.4736535 2.1891955 2.2364247 2.1959217 2.2502119 2.5425144 2.3109419 2.6681315 2.2650631 2.4606201 2.4765682 2.2668342 2.2566676 2.3131781 2.6229600 2.3681541 2.2864004 2.4346246 2.2951372 2.3788811 2.7060651 2.4432987 2.6728113 2.6077704 2.5723773 2.6215081 2.5205676 2.5846498 2.5472356 2.4279726 2.5178627 2.6319555 2.5955698 2.5133777 2.4352417 2.3806843 2.2834682 2.3430222 2.3225709 2.4836204 2.2802354 4.8944293 5.0839198 2.0496889 3.2826720 5.1179326 5.0839958 4.9133645 6.0218335 
Pacui_virus_YP_009666931                      4.7309522 2.4672010 2.4383308 2.4239569 4.4869172 2.4469772 2.3249974 2.2901668 2.2627358 2.2208916 0.3602697 2.2115980 2.2415477 0.4732562 0.0000000 0.4645118 0.5224348 2.2910886 2.3299559 2.4996022 2.3020682 2.3033593 2.4149446 2.3331369 2.4547647 2.3864182 2.3715633 2.6080425 2.2145291 2.2758373 2.5137177 2.5573565 2.2101524 2.3803062 2.2638859 2.3792658 2.2405608 2.4479658 2.3298592 2.2931333 2.2646197 2.2602633 2.2663486 2.3035026 2.2732183 2.3318315 2.2664583 2.4015167 2.2787354 2.3704175 2.1867943 2.3770154 2.4317864 2.1748883 2.3396377 2.3007807 2.1794659 2.0951039 2.3006613 2.3443416 2.3660529 2.0720639 2.3893467 2.2782308 2.3291548 2.3045572 2.3319152 2.1624395 2.3544294 2.1191861 2.1555175 2.1374306 2.1378510 2.1709318 2.1583824 2.0792792 2.3981105 2.3969676 2.4036196 2.3076669 2.2866767 2.2700263 2.2381272 2.2965279 2.2066688 2.3340527 2.2032791 2.1095077 2.3951713 2.3267704 2.4530232 2.3283989 2.4244831 2.2951474 2.2587326 2.4299906 2.4450251 2.3125022 2.4039700 2.1592379 2.2032061 2.3640854 2.2673685 2.3377886 2.2820836 2.3348949 2.3428238 2.2162592 2.5815545 2.1749643 2.5156672 2.4012075 2.2748995 2.2222445 2.2039393 2.6988625 2.3178308 2.2109172 2.4598848 2.2595031 2.3273786 2.6056652 2.4374912 2.5936828 2.5558728 2.4968712 2.5691436 2.4328111 2.4837775 2.4808564 2.4175028 2.5759537 2.4962292 2.4750805 2.4374900 2.4016865 2.3454418 2.2063650 2.3020174 2.2978867 2.3108722 2.1325747 4.7841532 4.9563959 1.9743331 3.2554582 4.9478300 4.9211650 5.1517706 5.6520041 
Caimito_virus_YP_010086209                    4.9644057 2.3888667 2.3515678 2.4135886 4.4162929 2.4844697 2.4031002 2.3066234 2.3411514 2.3148084 0.5301390 2.2360231 2.2861213 0.5850894 0.4645118 0.0000000 0.5181580 2.3382781 2.3165438 2.5892474 2.3430008 2.2039375 2.4293160 2.4094278 2.4529183 2.4058333 2.3226672 2.5031660 2.3360664 2.2494625 2.4500116 2.6088547 2.2470938 2.2698864 2.2647967 2.4136659 2.2936587 2.3374858 2.2495808 2.2564600 2.3052135 2.2944065 2.2465131 2.2534719 2.2995138 2.3130823 2.2314578 2.3786798 2.2613470 2.4267460 2.1554921 2.3930220 2.3924831 2.2385536 2.3587252 2.3403067 2.2483900 2.1381503 2.2465007 2.3281889 2.3464992 2.0537240 2.3659337 2.2365751 2.3655380 2.2719484 2.3105022 2.1710400 2.3177744 2.0750758 2.0985251 2.1034578 2.1083403 2.1292171 2.1357371 2.0719114 2.4033400 2.4078712 2.3272975 2.3196738 2.2767467 2.3088446 2.2629421 2.3548736 2.1909116 2.3000385 2.2703278 2.2080167 2.4306138 2.3348501 2.4778798 2.2795765 2.4267533 2.3342155 2.2133171 2.4072434 2.4889080 2.2928784 2.4038070 2.1714066 2.3293157 2.3669137 2.2784388 2.3234845 2.2850049 2.3243689 2.3463675 2.2855590 2.5422102 2.3154520 2.3205779 2.2867810 2.3303673 2.2727707 2.2711067 2.6330061 2.3362092 2.3749330 2.4551191 2.3211760 2.2604657 2.5954982 2.3513561 2.5667978 2.4556077 2.3968287 2.4106959 2.4015711 2.3962287 2.3920216 2.4316780 2.6303103 2.4939528 2.5088324 2.4896965 2.3603534 2.3366356 2.2046674 2.3205947 2.3093375 2.3065401 2.2269318 4.7870128 5.0276454 2.0486475 3.1180612 5.0761021 5.1036521 5.0801975 5.8164884 
Tapirape_virus_YP_010085070                   4.9593987 2.4606992 2.4548179 2.4528385 4.5688408 2.4283851 2.4225361 2.3336737 2.3156391 2.3014136 0.5571953 2.2685966 2.2262507 0.6084718 0.5224348 0.5181580 0.0000000 2.3905785 2.5186253 2.4609723 2.3309520 2.3571218 2.3297171 2.3894040 2.4346039 2.3594537 2.4443001 2.4598691 2.4078140 2.3535128 2.4405292 2.5898677 2.3428643 2.3936654 2.3266857 2.3638161 2.3307639 2.4528716 2.3476272 2.3830039 2.3116029 2.3609342 2.3016642 2.3050102 2.3088924 2.3219079 2.2513107 2.3723244 2.3616377 2.4054678 2.2003253 2.3572747 2.4290252 2.1701539 2.3485736 2.3357607 2.1751020 2.1410228 2.3404689 2.3732236 2.3418801 2.0445651 2.3839371 2.1701396 2.3439293 2.3118313 2.3164267 2.1225296 2.3566798 2.0646504 2.0595634 2.1018755 2.0820718 2.1199074 2.0888128 2.0666892 2.3759611 2.4802104 2.4492039 2.2967981 2.3813436 2.3523322 2.3976714 2.4569487 2.1220084 2.3927826 2.2890440 2.1386195 2.4905943 2.4292646 2.5094989 2.3642277 2.5333903 2.3602441 2.2876027 2.4964103 2.5565906 2.2563915 2.3877934 2.1671273 2.4163176 2.4871025 2.3678631 2.3553042 2.3323649 2.3697767 2.4472271 2.4418700 2.5099629 2.3284261 2.3799796 2.4355539 2.2570359 2.2524631 2.2628982 2.6724166 2.3385432 2.2966772 2.5239844 2.2325616 2.2886213 2.5870757 2.5163013 2.6025791 2.5087863 2.5281382 2.4774083 2.4792141 2.4419676 2.4170293 2.4172603 2.4327369 2.5060910 2.5315379 2.3650129 2.4876464 2.3135245 2.2387227 2.3157426 2.2947883 2.4029018 2.4056036 4.7429454 4.6621633 2.0719135 3.2643839 5.2067714 5.1641457 5.0050327 5.8945489 
Brazoran_virus_YP_008400137                   4.2671470 1.8009585 1.8039535 1.8739747 4.0503476 1.7148406 1.8719024 1.8346863 1.8111911 1.7844914 2.3274416 1.8261789 1.7694899 2.3231210 2.2910886 2.3382781 2.3905785 0.0000000 1.6790749 2.0709090 1.8069732 1.7536904 2.0168057 1.7910013 0.7697666 0.7890770 1.6333121 2.1719738 1.7619529 1.6307879 0.7140047 2.0637550 1.5931305 1.6338581 1.6170359 0.7279373 1.8326904 1.6781011 1.6029046 1.6410800 1.6132915 1.6483945 1.6224531 1.6650149 1.6126139 1.6300718 1.6172337 0.7455070 0.7339201 0.7216735 1.5247969 0.7395623 0.4964550 1.5876361 0.7311780 0.6553655 1.5918663 1.4695235 0.7320564 0.7321423 0.7415193 1.5364492 0.7393537 1.6480409 0.7281257 0.7456366 0.6660092 1.5990618 0.7367878 1.5529651 1.5794876 1.5731989 1.5690110 1.6304966 1.5844086 1.5560703 0.7042923 1.7001930 1.6275002 0.6655807 1.7224306 1.7383292 1.8025165 1.7605721 1.6228571 1.6948830 1.6010831 1.7132783 1.6506058 1.7284410 2.0336573 0.7992798 1.8388240 0.6751949 1.7073899 0.7966791 2.0011120 0.7794204 0.6835451 1.5865767 1.7408595 0.7422152 0.6618950 0.6730122 0.6787544 0.7234764 0.7924554 1.6987076 2.2071359 1.8177796 1.8315590 1.8520571 1.7309800 1.6491572 1.6356495 2.1201842 1.6926225 1.6450386 1.7574006 1.6834879 1.7087485 2.1128989 2.1124493 2.1491705 2.1905947 2.0569088 1.9837610 2.1917378 2.1318186 2.1592468 2.0860809 2.1398265 2.1276521 2.0827995 2.0979062 1.7696418 1.9175393 1.8046506 1.9160423 1.9354643 1.8906025 1.7436816 3.8740923 4.4100691 1.5397011 2.8620486 4.5835320 4.5573101 4.3511046 4.6860492 
Sedlec_virus_YP_010839946                     4.0501471 1.5834755 1.5808460 1.5944477 4.2714037 1.6933147 1.7858492 1.5660115 1.5812407 1.5752602 2.3895414 1.5417050 1.5163882 2.4657531 2.3299559 2.3165438 2.5186253 1.6790749 0.0000000 1.8731011 1.6283394 1.5445084 1.8032896 1.6316079 1.6641621 1.6575213 1.4282503 1.9722711 1.5492708 1.3636216 1.6909008 1.9840608 1.3529648 1.4102316 1.3816653 1.6476766 1.6699495 1.5216788 1.3835219 1.4045820 1.4545165 1.4299169 1.4279689 1.4205106 1.4481645 1.3861848 1.3838115 1.6952774 1.6680075 1.6566238 1.5426070 1.6639359 1.7275541 1.5164831 1.6784817 1.6369735 1.5199783 1.5242677 1.6471017 1.6774712 1.6356626 1.4809133 1.6764428 1.5870648 1.7271180 1.7344432 1.5932587 1.5217504 1.6328674 1.5693164 1.5205634 1.5298423 1.5340058 1.5533996 1.5686759 1.5031371 1.6172738 1.5075655 1.4929989 1.5558992 1.0263139 1.0092186 1.0527327 1.0978351 1.5613123 1.0352017 0.9825408 1.5301315 1.4700682 1.7281481 2.1192145 1.6640470 1.6575741 1.5805969 1.5960903 1.7359166 2.0809576 1.7291879 1.5784292 1.5460157 1.0919212 1.6499748 1.5560935 1.5940210 1.5503928 1.6031299 1.7480976 1.1227827 2.1191395 1.1340766 2.0118785 1.2060918 1.5887006 1.5802377 1.5713564 1.7172400 1.5612926 1.5365541 1.6701781 1.5720717 1.7581757 2.1004667 1.4788386 2.0024507 2.0368056 1.6380411 1.6359087 1.8923838 1.5890061 1.5829417 1.7540497 1.8432835 1.8317983 1.8394755 1.7121014 1.6568515 1.9705614 1.8174710 2.0360660 2.0285804 1.9784956 1.0260769 3.9619661 4.6225445 1.5385774 3.0635893 4.7852165 5.1057929 4.5874079 4.8011690 
Tanga_virus_YP_010840650                      4.7883338 1.7310685 1.7102561 1.7506712 4.2230048 1.8761332 1.8944197 1.7914096 1.7376239 1.7754854 2.5104931 1.7489059 1.7143154 2.4613134 2.4996022 2.5892474 2.4609723 2.0709090 1.8731011 0.0000000 1.7219325 1.7614540 0.8509836 1.7347848 2.0733548 2.1282807 1.6690403 0.9362792 1.6907272 1.5606295 2.1673471 1.5470040 1.5927801 1.6125650 1.5543343 2.0707312 1.8598906 1.9386351 1.6038765 1.6433724 1.6153387 1.5992913 1.6401035 1.6017753 1.6241563 1.6427527 1.6397962 2.0782667 2.1254752 2.1048939 1.7287246 2.0662223 2.1653259 1.7568419 2.0445340 2.0964158 1.7644214 1.7537298 2.1203500 2.0895958 2.0196993 1.6521874 2.1254752 1.7309304 2.0408427 2.1470727 1.9791085 1.7169686 2.0777011 1.6839845 1.6217000 1.7493568 1.7578888 1.7079176 1.6637553 1.7040977 1.9232556 2.0678814 1.9352952 2.1076455 2.1479269 2.1392954 2.0779908 2.1524010 1.6574593 2.1434378 2.1716524 1.7780422 1.9712322 2.0249050 1.6648387 2.1228228 2.2163927 1.9664952 1.9592774 2.2184306 1.5494669 2.1056513 1.9876718 1.6543791 2.1055797 2.1462535 1.9476152 2.0072940 1.9458288 2.0748729 2.1966860 2.0111803 1.6658249 2.2000799 2.0209360 2.4045814 1.7534281 1.7636241 1.7428470 2.1785745 1.7542687 1.7728956 1.8059019 1.7609992 1.8936416 1.7461286 2.2515078 1.7080475 1.8157911 2.2108583 2.1590889 2.2422333 2.2016304 2.2521735 2.3921692 2.4072395 2.6129926 2.6049441 2.2054407 2.0956874 2.0982922 1.9865865 2.0877632 2.0637216 2.2074454 2.1135136 4.0833430 4.8839014 1.5464145 2.7951912 4.5867463 4.6009734 4.4619292 5.1307666 
Nola_virus_YP_010840670                       4.4598611 1.0325974 1.0128762 1.0421934 4.2612472 1.0884407 1.0450262 0.9716563 0.9890278 0.9812418 2.3453590 0.9578299 0.9267690 2.3539361 2.3020682 2.3430008 2.3309520 1.8069732 1.6283394 1.7219325 0.0000000 0.4344790 1.6780635 0.3138134 1.8895388 1.8685022 1.3117108 1.7715691 0.4405237 1.3313805 1.8093299 1.8664582 1.3573298 1.3912039 1.3748661 1.8704747 0.6512633 1.4643532 1.3846696 1.3820618 1.3935312 1.3790076 1.3652100 1.3497864 1.3952111 1.3543746 1.3687730 1.8720592 1.9005619 1.8703630 1.5096527 1.8673305 1.8000075 1.4996241 1.8853484 1.7701143 1.5150581 1.4860008 1.8613899 1.9180936 1.9311839 1.3801115 1.8216284 1.5051308 1.8451952 1.8134422 1.7477233 1.4917248 1.8341859 1.4028100 1.3722999 1.3891855 1.3948932 1.5318811 1.3683580 1.3841189 1.7924387 1.9395105 1.9427420 1.8104152 1.8525975 1.8894829 1.8977139 1.9818495 1.4357459 1.8684057 1.9632610 1.4339471 1.9632097 1.7348187 1.9313320 1.8261569 2.1218522 1.7981681 1.5456889 1.8326154 1.9403917 1.8630255 1.7413649 1.4014973 1.8803861 1.8681515 1.7950127 1.7721779 1.7998131 1.7215485 1.8846374 1.8965718 1.9590434 2.0333233 1.7714730 2.1152903 1.4555936 1.4263258 1.4551980 2.2257415 1.4539255 1.4178539 1.5116084 1.4821494 1.7254837 2.1122699 2.1324492 1.9958984 1.9919867 2.1207868 2.0679102 2.1444366 2.1153990 2.1566567 2.1124030 2.1749125 2.2384684 2.2179104 2.2392035 2.0699819 1.8323721 1.7161651 1.8039004 1.8039948 1.8968022 1.9124070 3.9726730 4.3182415 0.9190670 2.9089658 4.6178595 4.5298707 4.3157116 5.0591547 
Bakau_virus_YP_010840728                      4.3787478 0.9904424 1.0032866 1.0441656 4.2524048 1.0933195 1.0921093 0.8967744 0.9478333 0.9176322 2.2907730 0.9042705 0.8876380 2.3126449 2.3033593 2.2039375 2.3571218 1.7536904 1.5445084 1.7614540 0.4344790 0.0000000 1.6826345 0.4161775 1.8539972 1.8425789 1.2850189 1.7668884 0.3770856 1.3355128 1.7797491 1.8664376 1.3452166 1.3366925 1.3379676 1.8613743 0.6172059 1.3822969 1.3210143 1.3585235 1.3411741 1.3523529 1.3483596 1.3030175 1.3364184 1.3443911 1.3585603 1.8552298 1.8243688 1.8232237 1.4121593 1.8520168 1.7375644 1.4561790 1.8363858 1.7064970 1.4705418 1.4232227 1.7998092 1.7851905 1.7430395 1.3286880 1.8184607 1.4204228 1.7100005 1.8173915 1.6324078 1.3693642 1.7820550 1.3128706 1.3072193 1.3172299 1.3266974 1.4103344 1.3110591 1.2872974 1.7213390 1.7930095 1.8472919 1.7003807 1.7419806 1.7611756 1.7693212 1.7743716 1.3378344 1.7252846 1.8583015 1.3889676 1.8079774 1.6259244 1.8687278 1.7819352 2.0828407 1.6973333 1.4474742 1.7724760 1.9349587 1.8229895 1.6602687 1.3755032 1.8161956 1.7700438 1.6952955 1.6969105 1.6807622 1.6712213 1.7690695 1.8240177 1.9828667 1.8902747 1.7442956 2.0418856 1.4415038 1.3613854 1.3748839 2.1871386 1.3765402 1.3536131 1.4306683 1.3982206 1.6840810 2.1364563 1.9753102 1.9689816 2.0070922 2.0164754 1.9473441 2.1721046 2.0014982 2.0370228 2.1099727 2.2533532 2.1659026 2.1511295 2.2478322 2.0847368 1.8682852 1.7593174 1.8416222 1.8435255 1.8106547 1.7249440 3.8477781 4.1747938 0.8994474 2.9561839 4.7027813 4.5638500 4.2952596 4.8831464 
Okola_virus_YP_010840667                      4.6554152 1.6490548 1.6330851 1.6536827 4.3574039 1.9099487 1.9199629 1.7270450 1.6852582 1.7345559 2.4228186 1.7358269 1.6911926 2.4055113 2.4149446 2.4293160 2.3297171 2.0168057 1.8032896 0.8509836 1.6780635 1.6826345 0.0000000 1.6878404 1.9901423 2.0467561 1.6557156 0.7598161 1.6682926 1.5661351 2.0389686 1.6392488 1.6149624 1.6207058 1.5973271 2.0350278 1.7563357 1.7676697 1.6289475 1.6128349 1.6449319 1.6388830 1.6403347 1.6048528 1.6447762 1.5749711 1.5747799 2.0110022 1.9457553 1.9950545 1.7248313 2.0263302 2.0578383 1.7734750 1.9922892 2.0298424 1.7831606 1.6793181 1.9629393 2.0157439 1.8978880 1.6743054 1.9699969 1.8221446 1.9587920 2.0965237 1.9665069 1.6676225 1.9809010 1.6518062 1.6753841 1.6638253 1.6725645 1.6948293 1.6725530 1.5926618 1.9323644 2.0603832 2.1075809 1.9611606 2.0232703 2.0608851 2.0047846 2.0940068 1.6529094 2.1122026 1.9897585 1.7536797 2.0476514 1.8504761 1.6504981 2.0316521 2.2544759 1.9707484 1.8546642 2.0795775 1.6504697 1.9595769 1.9762172 1.6464748 2.0450117 2.0397589 1.9464204 1.9732859 1.8867819 1.9194434 2.0335292 2.0649658 1.6484952 2.1028727 2.0318755 2.2028327 1.7666531 1.8018625 1.8170330 2.1798635 1.7898787 1.7686923 1.7725830 1.7755902 1.8949034 1.7343147 2.1919149 1.7020689 1.7833363 2.2386183 2.2059262 2.2014144 2.1371852 2.1721146 2.3542470 2.4429707 2.3450037 2.3136275 2.2602921 2.2185319 2.1731781 1.9903717 2.1024737 2.1028789 2.1976265 2.0392611 3.8229332 5.0100166 1.4816201 2.7545180 4.5779777 4.6142885 4.4222686 5.3408866 
Witwatersrand_virus_YP_009667022              4.5230584 1.0327708 1.0586284 1.0816703 4.1936929 1.1245538 1.0844991 0.9772156 0.9563910 0.9574793 2.3915025 0.9664135 0.9306200 2.4346195 2.3331369 2.4094278 2.3894040 1.7910013 1.6316079 1.7347848 0.3138134 0.4161775 1.6878404 0.0000000 1.8492941 1.8684728 1.3192669 1.7836101 0.3897701 1.3394224 1.8803968 1.9742967 1.3455059 1.3520984 1.3465964 1.8722652 0.6609243 1.4716922 1.3309159 1.3382262 1.3966071 1.3549858 1.3524744 1.3503136 1.3932505 1.3519127 1.3420973 1.8463140 1.9007054 1.8701276 1.5092515 1.8131756 1.7904028 1.4805241 1.8433295 1.7775252 1.4941735 1.4535215 1.8378929 1.8740250 1.8331232 1.3356029 1.8141715 1.4777814 1.8088103 1.8214066 1.6675147 1.4448757 1.8294928 1.3709592 1.3509314 1.3543191 1.3634103 1.4709940 1.3705606 1.3433582 1.7523100 1.8309361 1.8808877 1.8026723 1.7764888 1.7690000 1.8212137 1.8372030 1.4292527 1.7936653 1.8534560 1.3468944 1.8534382 1.6832574 1.9605617 1.8093889 2.0830494 1.7600466 1.4804789 1.8478223 2.0422801 1.8920997 1.7165015 1.4037490 1.8427586 1.8280678 1.7701602 1.7125488 1.7134858 1.7682425 1.8050079 1.8454863 2.0528703 1.9310089 1.7476167 1.9951514 1.4568301 1.4274371 1.4469651 2.1314951 1.4457511 1.4262223 1.4626669 1.4614518 1.6668522 2.2023543 2.0734482 1.9804125 2.0041415 1.9645501 1.9412856 2.1604698 2.0380000 2.0663168 2.1504582 2.2487391 2.1642976 2.1456301 2.1905527 2.0641210 1.8953069 1.7443471 1.8191637 1.8155398 1.8440489 1.7869123 3.8792109 4.1156427 0.9317458 2.9842305 4.9170886 4.6747308 4.4675384 5.1420498 
Bertioga_virus_YP_010840712                   4.0924529 1.8274412 1.7776912 1.8146474 4.0754532 1.7761905 1.9456648 1.8387276 1.7884668 1.8221544 2.4801423 1.8227520 1.7556360 2.4583131 2.4547647 2.4529183 2.4346039 0.7697666 1.6641621 2.0733548 1.8895388 1.8539972 1.9901423 1.8492941 0.0000000 0.3051913 1.6062403 2.0808979 1.8120903 1.6352585 0.3858343 2.0716410 1.6013279 1.6508692 1.6071591 0.2939058 1.7787087 1.8601109 1.6119483 1.6038057 1.5892073 1.5860795 1.6168090 1.5644726 1.5873885 1.5657942 1.5820676 0.2839890 0.4393248 0.5955465 1.5862965 0.5440043 0.8497482 1.5923423 0.5367805 0.5445887 1.6014055 1.5116052 0.4396695 0.4753826 0.5102106 1.5155288 0.5580334 1.6617259 0.5088620 0.5156577 0.6862754 1.6315753 0.5541488 1.5136886 1.4858966 1.5790135 1.5807190 1.6479552 1.5870265 1.5500278 0.7251346 1.7420951 1.7820109 0.7882387 1.8101301 1.8390905 1.7803770 1.7919193 1.6524288 1.8089256 1.8024957 1.7832574 1.7897374 1.8422126 2.0485457 0.5489839 1.8255144 0.6883628 1.8628951 0.5448376 2.0981751 0.5303385 0.7444542 1.5474214 1.7670002 0.5143350 0.6856519 0.7007272 0.6584172 0.6950284 0.5945363 1.7247785 2.2352643 1.8259687 1.8833333 1.8239357 1.6788122 1.6754691 1.6923559 2.1373761 1.7150646 1.6199945 1.7265913 1.6781578 1.8387529 2.2718490 1.9837501 2.3769746 2.3319408 2.0409282 2.0206278 2.2647767 2.0666641 2.1115491 2.1549427 2.2012650 2.1507230 2.1332134 2.1247242 1.9502772 2.0009064 1.8979730 1.9892822 1.9728041 1.9169756 1.7927891 4.0197195 4.4986588 1.5635445 2.9726931 4.4885523 4.4619393 4.1724597 4.5832137 
