150
D_mel_bunya_GPC                               0.0000000 2.9507146 2.9656474 2.8980366 3.6677796 3.0038995 3.3673194 3.0246876 3.1153741 3.0371764 3.3095895 3.1004570 3.0477392 3.3241827 3.1763700 3.7540291 3.4703157 2.8145905 2.9499056 3.2254058 3.1168967 3.2083991 3.1788031 3.1631126 3.0269222 3.0748274 2.7582344 3.0231125 3.1639490 2.6644130 2.9382051 2.8516603 2.5886588 2.6866402 2.6751333 2.7357101 3.3670989 3.1654195 2.7775185 2.7627428 2.5997924 2.6981554 2.6953516 2.6667678 2.6061745 2.7123971 2.6591036 2.9652409 3.0429757 2.8909394 2.9086733 2.9112891 2.7903680 3.0112779 2.9539115 2.7061117 3.0275519 2.9457409 2.9975866 3.0521707 2.7519691 3.0216416 2.9334911 3.2837994 2.9596229 3.0431792 2.7279202 3.2548236 2.7900986 3.0233621 3.1565949 3.0728522 3.0861805 3.2836298 3.0709845 2.9083858 2.8071804 2.9742577 3.0190782 2.7146706 2.9167743 2.9554522 2.7418661 2.9242440 2.9544587 2.8806509 3.0676750 3.1533732 3.0305558 3.1539430 2.7303546 3.1319476 2.7433556 2.7764317 3.1130280 3.1240812 3.2328964 2.7623839 2.7567007 3.1722813 2.9333408 2.8550720 2.8121212 2.8671682 2.8171944 2.8256546 2.9738449 2.6701937 3.0991214 2.7878657 2.9749074 2.9721149 3.1629028 3.2281543 3.0087663 2.9903337 3.1019142 2.9689086 3.2599532 3.2130993 2.7743178 2.5896056 2.8498082 2.6231153 2.7629371 3.4291091 3.2314264 2.9288594 3.1046258 3.1465090 3.3003124 3.4256111 3.3234316 3.2687285 3.1500839 2.7938315 3.3091048 3.0347023 3.5771703 3.5977552 3.4533400 2.8194594 3.7890661 4.9263401 3.3041114 3.0028138 4.8660828 5.0483719 4.9149312 5.4013517 
San_Juan_virus_YP_010840652                   2.9507146 0.0000000 0.0802240 0.1861858 3.4746082 0.8944460 0.9109586 0.7746495 0.7797124 0.7581957 1.6844149 0.7408592 0.7038038 1.7662403 1.6126192 1.7559208 1.7814657 1.4882018 1.3835843 1.4430853 0.7620080 0.7969151 1.3049007 0.8173283 1.4720658 1.3946829 1.1302190 1.4756320 0.8235383 1.2119839 1.3966318 1.4341784 1.2785029 1.2338285 1.2048440 1.3779546 0.9102454 1.1797426 1.1764520 1.2290042 1.2215837 1.2596361 1.2415936 1.1965649 1.2237518 1.1887658 1.1983350 1.4098535 1.4690261 1.4279512 1.1192732 1.4231935 1.3687288 1.1599430 1.4464834 1.4692841 1.1614924 1.1947576 1.3953418 1.3835586 1.4134576 1.2265481 1.4821561 1.3358713 1.3998094 1.4176473 1.3546235 1.2854335 1.4634519 1.2183843 1.3126951 1.2144360 1.2269474 1.2449246 1.2995335 1.2250184 1.4492461 1.3289509 1.3254248 1.3962998 1.4243501 1.3899298 1.2607362 1.3868249 1.2502501 1.4202795 1.4881049 1.2983686 1.3120209 1.2653341 1.3362666 1.3691946 1.6554379 1.4803938 1.3895743 1.4160209 1.3738637 1.4484723 1.4463900 1.1680065 1.2584271 1.4457180 1.4742518 1.4320798 1.4260105 1.4092153 1.3937778 1.3024250 1.4091230 1.3212144 1.3563337 1.3957866 1.3000214 1.2944879 1.2723022 1.8153113 1.3270247 1.2673422 1.1985827 1.2420696 1.4301779 1.5852945 1.4630467 1.3941474 1.6455128 1.4335114 1.3357745 1.5826223 1.3869866 1.3760459 1.6985918 1.8149967 1.6943741 1.6715725 1.6959391 1.6566558 1.5775609 1.4679468 1.7208494 1.6877426 1.6366235 1.3634125 3.5094533 3.7777166 0.9285200 2.5324422 4.7424226 4.8608879 4.6364266 5.5409532 
Gamboa_virus_YP_009507872                     2.9656474 0.0802240 0.0000000 0.1874367 3.5071642 0.9437777 0.9254331 0.8199421 0.7779690 0.7849740 1.7269426 0.7862238 0.7689386 1.8087527 1.6419411 1.7935119 1.7981117 1.5192764 1.3822528 1.4455742 0.7509957 0.8054125 1.3196096 0.8479950 1.4115706 1.3650271 1.1288186 1.4364581 0.8247656 1.1766152 1.3864037 1.4275268 1.2592229 1.2364862 1.1868383 1.3694636 0.9302407 1.1971657 1.1723724 1.2108234 1.1934535 1.2490410 1.2380415 1.2042835 1.1955867 1.1940945 1.2003164 1.3928556 1.4636269 1.4341791 1.0896372 1.4163182 1.3724937 1.1218687 1.4222790 1.4444767 1.1233589 1.1649088 1.4161208 1.3780905 1.3791871 1.1633187 1.4623156 1.3234466 1.3930081 1.3954320 1.3482566 1.1967344 1.4435993 1.1739317 1.2244707 1.1648714 1.1716158 1.1982517 1.2185686 1.1812491 1.4195772 1.3032040 1.3267819 1.3938924 1.4601264 1.3956635 1.2495903 1.4033254 1.1783064 1.4099309 1.5326496 1.2649430 1.3350864 1.2536453 1.3348022 1.3265299 1.6434188 1.4162612 1.3985266 1.3806240 1.3520798 1.4002299 1.4038697 1.1000410 1.2890114 1.4680777 1.4057319 1.3863410 1.3679014 1.4016277 1.4080765 1.2678951 1.3962449 1.3419541 1.3845801 1.4220636 1.2775325 1.2902268 1.2719123 1.7705782 1.3020633 1.2398872 1.1822165 1.2231329 1.3880645 1.6038962 1.4763190 1.4067863 1.6960115 1.4299882 1.3545982 1.5736223 1.4249864 1.4166703 1.7477261 1.8410314 1.6822743 1.7001893 1.7107717 1.6822325 1.5903979 1.4890520 1.7314936 1.6947982 1.6378406 1.3841986 3.4732749 3.7798979 0.9611265 2.5169827 4.7302055 4.9565877 4.6776836 5.6767104 
Alajuela_virus_YP_009507856                   2.8980366 0.1861858 0.1874367 0.0000000 3.3925947 0.9155934 0.8951453 0.8202610 0.7805787 0.7510260 1.5956831 0.8027032 0.7941282 1.7139534 1.5881266 1.7639677 1.7562290 1.5178331 1.3037464 1.3986124 0.7286295 0.7855513 1.3234810 0.8295622 1.4020957 1.4233833 1.1766900 1.5079547 0.8001316 1.2028191 1.4613619 1.2960003 1.2619852 1.2851856 1.2718239 1.4373858 0.9633287 1.2243628 1.2579153 1.2763479 1.2394608 1.3051990 1.3100148 1.2687645 1.2441740 1.2681665 1.2626585 1.4240810 1.4361204 1.4045164 1.1257289 1.4111243 1.3634144 1.1675717 1.4328948 1.4717688 1.1689662 1.1674491 1.4390543 1.3658837 1.3427189 1.1738790 1.4805616 1.3057447 1.3866919 1.3586612 1.3805248 1.2018059 1.3954347 1.1156885 1.1494932 1.1685535 1.1785704 1.2055693 1.2181931 1.1491051 1.4313628 1.2281283 1.2921687 1.3943352 1.4094686 1.4042056 1.2435296 1.3806838 1.1985703 1.4475553 1.5517253 1.3038869 1.2669477 1.3239653 1.2417349 1.3305404 1.6007962 1.4645868 1.3683651 1.3997280 1.3436171 1.4410034 1.4044050 1.1320112 1.2602344 1.4704068 1.4597049 1.3891971 1.3758615 1.4183795 1.3788632 1.2808195 1.3831202 1.3170852 1.3198368 1.4242844 1.2560258 1.2335269 1.2806942 1.7714815 1.2988035 1.2244861 1.2305754 1.2237813 1.4581432 1.5839511 1.4878798 1.4375268 1.6702524 1.4288475 1.3580113 1.6251465 1.3567835 1.3679887 1.6794372 1.7573939 1.6581114 1.6304700 1.6840227 1.6528302 1.5650216 1.4953386 1.6037546 1.5661635 1.6486512 1.3367153 3.4151982 3.6429290 0.9759551 2.4181058 4.6437281 4.9216922 4.4543156 5.6877937 
Shuangao_Insect_Virus_1_YP_009300682          3.6677796 3.4746082 3.5071642 3.3925947 0.0000000 3.1127727 3.0631524 3.2548683 3.1998117 3.0771840 3.7548996 3.1099293 3.1662776 4.1866437 3.8039234 3.4922337 3.7936495 3.7972213 3.3830037 3.2862856 3.1709988 3.3433015 3.5484874 3.3445653 3.9951687 4.0161050 3.7543622 2.9954716 3.5293731 3.1961416 3.8379144 3.0351512 3.1985040 3.0310259 3.1405594 3.7006712 3.5872261 3.5716069 3.1073698 3.1493608 3.0533582 3.0845328 3.1936230 3.1208280 3.0452412 3.1875409 3.1293760 3.9471342 3.9349778 3.7342075 3.3019367 3.7650558 3.4284860 3.1530439 3.7488720 3.8193779 3.1655094 3.1911957 3.9040267 3.9360837 3.5118813 3.1268281 3.7000313 3.4805316 3.3159599 3.4893403 3.5217154 3.1194632 3.5946782 3.0681998 3.0702605 3.0275113 2.9926994 3.2754354 3.2152207 3.0223245 3.6205073 3.1271038 3.1049720 3.5206543 4.0685965 3.8987943 3.8485709 4.0210616 3.3072072 3.4248596 3.3477185 3.1935512 3.0811141 3.6597420 3.3938690 3.6711548 3.4542349 3.6856130 3.4655966 3.8193656 3.0863915 3.2487140 3.6914203 3.2519452 3.6951462 3.8219155 3.7142606 3.6888894 3.6506478 3.8025156 3.8031233 3.3937495 3.5323191 3.8944673 3.6987817 3.3855369 3.0370219 3.0645228 2.9979534 3.3914047 3.1421617 3.0739887 3.8281308 3.0863824 3.6341271 3.4419948 3.7328005 3.2552885 3.1832338 4.0940173 3.8061816 3.1967901 3.7279565 3.7887748 3.3180387 3.2096617 3.1451773 3.0796329 3.4161001 3.6604792 3.4475732 3.6181651 3.5349215 3.4786784 3.3081570 3.8439642 4.8644888 5.6247886 3.2848151 3.4116070 5.9081353 5.4862730 5.1833659 7.2787712 
Baakal_virus_YP_010840739                     3.0038995 0.8944460 0.9437777 0.9155934 3.1127727 0.0000000 0.4926665 0.6861279 0.6818725 0.6391029 1.8920350 0.6944057 0.6786258 1.9267964 1.7487136 2.0190905 1.8911901 1.4572562 1.5115029 1.3670230 0.8525958 0.9011943 1.5985666 0.9109828 1.5218317 1.6001776 1.2769651 1.5862702 0.8786718 1.2848465 1.6092813 1.4510659 1.2995198 1.1863010 1.1905110 1.5300369 0.9305542 1.3207394 1.2248949 1.2120666 1.2873232 1.3019394 1.2524355 1.2915209 1.2823143 1.2508752 1.2254910 1.4812564 1.5934678 1.6147639 1.2738546 1.5655333 1.4261930 1.3146514 1.5461975 1.5866343 1.3119282 1.2858163 1.5508559 1.4927155 1.4644157 1.2493183 1.5866746 1.2019518 1.5424372 1.5945906 1.5056818 1.2234425 1.5455981 1.2728068 1.2510782 1.2649275 1.2720082 1.1895847 1.2100227 1.2281582 1.5344319 1.3870155 1.4907215 1.5276900 1.6926748 1.6795582 1.5253865 1.7452933 1.2431876 1.3593749 1.4344374 1.3495140 1.4892969 1.3879813 1.4756854 1.4890096 1.6850520 1.5547186 1.6285194 1.6050055 1.5987193 1.4810894 1.5413707 1.2650864 1.4592285 1.6458657 1.5821113 1.5524294 1.5666968 1.5626404 1.5049214 1.3396796 1.5405085 1.4220811 1.4308354 1.5721542 1.3897883 1.3407765 1.3259565 1.6402062 1.3431533 1.3182557 1.4165566 1.3479428 1.5125301 1.5824218 1.5399796 1.4355095 1.5855437 1.4678989 1.4082649 1.7908054 1.3263110 1.3600562 1.6585513 1.6996059 1.6794225 1.6442773 1.6874091 1.5882210 1.8625208 1.6663880 1.7898932 1.7657184 1.7899693 1.6411114 3.5130346 3.7994717 0.4823898 2.5072239 5.1231714 4.9001842 4.7369869 5.8629441 
Botambi_virus_YP_010840790                    3.3673194 0.9109586 0.9254331 0.8951453 3.0631524 0.4926665 0.0000000 0.7550632 0.7511391 0.7403679 1.7183219 0.7433512 0.7475043 1.9014089 1.6152409 1.7586976 1.7923658 1.6135511 1.6042514 1.4554242 0.7882483 0.8866425 1.5174970 0.8671546 1.6649456 1.6640538 1.3835942 1.5998416 0.8693457 1.3323633 1.6066226 1.5617143 1.3594900 1.3311403 1.3853219 1.5163883 0.9561648 1.4678596 1.3499956 1.3195930 1.4211875 1.4098636 1.3781935 1.4069118 1.4160989 1.3269849 1.3197313 1.6124091 1.5727981 1.7454299 1.4165076 1.6395723 1.5747096 1.4631676 1.6097254 1.6077445 1.4890048 1.4049070 1.4756219 1.5122095 1.5887360 1.1661898 1.6934026 1.2420405 1.4861175 1.5849406 1.6566577 1.2495967 1.5996735 1.1808677 1.2203051 1.1616667 1.1791364 1.2355888 1.2383941 1.1547609 1.7281578 1.5567713 1.6423150 1.6302363 1.6880424 1.6505211 1.5385708 1.6998768 1.2521328 1.4672894 1.6258441 1.3695561 1.6276209 1.5059431 1.4120740 1.5524100 1.9241840 1.7210224 1.6815018 1.6133078 1.5455397 1.5919200 1.7309257 1.2456815 1.5817733 1.6276851 1.7867027 1.7221108 1.7476478 1.8379577 1.5690139 1.4766427 1.5013481 1.4804839 1.6300873 1.6792311 1.4474584 1.4150425 1.4550887 1.7477691 1.4125097 1.4434088 1.3858486 1.4429200 1.6096336 1.8050768 1.7479045 1.5969651 1.7358666 1.5733709 1.3738429 1.6685316 1.3631481 1.4554602 1.6747040 1.7408003 1.7730898 1.8150867 1.8172680 1.8748426 1.8932811 1.8492044 1.8540457 1.8338979 1.7538354 1.6135452 3.3490520 3.9696113 0.5171058 2.5473086 5.0476557 4.7789362 4.9130961 5.4558124 
Turlock_orthobunyavirus_YP_010840637          3.0246876 0.7746495 0.8199421 0.8202610 3.2548683 0.6861279 0.7550632 0.0000000 0.1571347 0.1623076 1.5131028 0.1500379 0.1467127 1.6554100 1.4643005 1.7475789 1.6062651 1.5372870 1.2245751 1.3686175 0.7939833 0.7309747 1.4300060 0.7482057 1.5667935 1.4840886 1.1037618 1.6107127 0.7263571 1.1899167 1.4707200 1.4668033 1.1962011 1.0685245 1.1264329 1.4628191 0.7525244 1.2056505 1.1193685 1.1212529 1.1197041 1.1032771 1.1138479 1.1058623 1.1242216 1.1076216 1.1156101 1.4647571 1.5133238 1.5189469 1.2239791 1.5215232 1.4336346 1.3045406 1.5149751 1.4880225 1.3153390 1.2604633 1.4519703 1.3923690 1.4634159 1.1303397 1.5681254 1.1845088 1.4223771 1.4138493 1.4167558 1.1394448 1.5369371 1.0749828 1.1583644 1.0589135 1.0589255 1.1688475 1.1312164 1.0743287 1.5715692 1.2799855 1.3212420 1.4076119 1.4386464 1.4013603 1.3138334 1.4672508 1.1300097 1.3882360 1.3620918 1.1595547 1.2552198 1.2820104 1.3617914 1.4196603 1.7753547 1.5322897 1.2667096 1.4548502 1.4696496 1.4532197 1.4884248 1.1903747 1.3094392 1.5795247 1.5100994 1.5002248 1.5049915 1.5005238 1.4941716 1.2510887 1.6271020 1.3647831 1.6697979 1.2566464 1.2017623 1.1536992 1.1884922 1.7044954 1.1817791 1.1650893 1.3261740 1.2190740 1.4398600 1.4928216 1.3022035 1.3919621 1.5079082 1.3578659 1.3342072 1.7267790 1.4867093 1.5242299 1.7066211 1.7492803 1.7380001 1.7269377 1.6531567 1.5233291 1.6718008 1.5808915 1.7469048 1.7298569 1.6129884 1.4130187 3.6294230 3.4464572 0.6708823 2.5035860 5.4759301 5.1001351 5.1473489 5.5279342 
Umbre_virus_YP_009664558                      3.1153741 0.7797124 0.7779690 0.7805787 3.1998117 0.6818725 0.7511391 0.1571347 0.0000000 0.0970299 1.5489710 0.1577956 0.1877407 1.7132412 1.4868408 1.8034444 1.6733194 1.4673379 1.2641554 1.3248917 0.7741176 0.7299058 1.3766963 0.7071203 1.5067385 1.4147537 1.0840235 1.5298812 0.7091195 1.1425823 1.4549027 1.3883885 1.1830819 1.0503751 1.0486109 1.4142879 0.7827620 1.2055108 1.0511876 1.0739097 1.0854191 1.0817590 1.0720714 1.1097914 1.0897968 1.0994915 1.0923028 1.4163066 1.4759861 1.5281770 1.2992344 1.4651067 1.3856600 1.3750424 1.4280703 1.4453805 1.3857380 1.3137683 1.4585578 1.3291030 1.4052874 1.1381624 1.4856155 1.1584481 1.3987384 1.3489907 1.4248495 1.1017829 1.5284515 1.0846111 1.1429654 1.0455491 1.0553449 1.1541432 1.1821467 1.0868185 1.5503820 1.2929636 1.3619513 1.4072121 1.4880575 1.4353673 1.3476167 1.5001405 1.1313720 1.3953184 1.3859564 1.2283473 1.3128233 1.2709718 1.3861779 1.3484537 1.6546637 1.4919304 1.2556765 1.3930544 1.3411989 1.4404778 1.4877458 1.1849271 1.3348070 1.4667447 1.4985074 1.4864789 1.4806141 1.4855020 1.4186857 1.3136626 1.5597413 1.4009224 1.7230040 1.3485928 1.2867647 1.2030856 1.2111248 1.6804565 1.2339422 1.1455927 1.2692769 1.2738858 1.3943522 1.4797386 1.3466636 1.4104295 1.5365925 1.4655084 1.4048469 1.6569715 1.4995337 1.5510418 1.6380409 1.7290443 1.7446127 1.7503591 1.5874463 1.5506715 1.6375473 1.5754004 1.6788461 1.6616552 1.6722300 1.4771050 3.4631336 3.6485747 0.6625201 2.4667440 5.0648549 4.9704432 4.8655905 5.1524793 
Umbre_virus_YP_010840626                      3.0371764 0.7581957 0.7849740 0.7510260 3.0771840 0.6391029 0.7403679 0.1623076 0.0970299 0.0000000 1.5072064 0.1547988 0.1831667 1.6562151 1.4476931 1.7783724 1.6327013 1.4570979 1.2652622 1.3431506 0.7484996 0.7309587 1.3928656 0.6952553 1.4917159 1.4222735 1.0835284 1.5044943 0.6872250 1.1614768 1.4543877 1.3825255 1.1782016 1.0614607 1.0617197 1.4186866 0.7746307 1.2410882 1.0733318 1.0668708 1.0892969 1.0932410 1.1022126 1.1141461 1.0937052 1.0901482 1.0907740 1.3940589 1.4683696 1.5188366 1.2498216 1.4863613 1.4109086 1.3104565 1.4548084 1.4714490 1.3162686 1.2861986 1.4476228 1.3330996 1.3909870 1.0924844 1.4412494 1.1408250 1.4177010 1.3836001 1.4395750 1.0718627 1.4889262 1.0552585 1.0898789 1.0271858 1.0227599 1.1012740 1.1244272 1.0630079 1.5578504 1.2196776 1.3065470 1.3586917 1.4592076 1.4144987 1.3582136 1.4865984 1.1018832 1.4107662 1.3620844 1.1820185 1.2560308 1.3138483 1.3447980 1.3406720 1.6215246 1.5237512 1.3186444 1.3816766 1.3691711 1.4218964 1.5133488 1.1655971 1.3137424 1.5180565 1.5218538 1.5074916 1.5053155 1.4451241 1.4223980 1.3169411 1.5577977 1.3564918 1.6427437 1.3114043 1.1987934 1.1390525 1.1926849 1.6528131 1.1671430 1.0998121 1.2480361 1.2122802 1.4041579 1.4723963 1.3792775 1.4584750 1.5427701 1.4274520 1.4216524 1.6770681 1.4791538 1.5244958 1.6356725 1.6815655 1.6516120 1.6749483 1.5635778 1.6012717 1.5995961 1.5863075 1.6774450 1.6634995 1.6427906 1.4446527 3.4918642 3.5976898 0.6758696 2.4807269 4.9598822 4.8867579 4.5661806 5.5293790 
Chilibre_virus_YP_010839480                   3.3095895 1.6844149 1.7269426 1.5956831 3.7548996 1.8920350 1.7183219 1.5131028 1.5489710 1.5072064 0.0000000 1.5049081 1.5085332 0.3446810 0.2711014 0.3375517 0.4438284 1.6086951 1.6150728 1.8303798 1.6639702 1.5069361 1.6698830 1.6178521 1.7341438 1.8527649 1.7573917 2.0447931 1.5817071 1.6881727 1.8296055 1.7191948 1.6656082 1.6718743 1.7568765 1.7639903 1.6855721 1.8939050 1.6958945 1.6335608 1.7004546 1.7115345 1.7071631 1.7394564 1.6976403 1.6638242 1.6026663 1.7539444 1.7234343 1.7165424 1.5642925 1.7716349 1.9348744 1.6266665 1.7284499 1.7042787 1.6276399 1.5425734 1.6759391 1.6417877 1.6306758 1.4755413 1.7750219 1.4221853 1.5491447 1.5178964 1.5729727 1.4758642 1.6814858 1.4195297 1.5296496 1.5078924 1.4970978 1.4708672 1.4478179 1.4233268 1.6618919 1.7344923 1.7509849 1.6207198 1.5788436 1.5455422 1.4943822 1.5511111 1.4810943 1.7024728 1.5708778 1.5276700 1.7150276 1.6769156 1.7267181 1.5968159 1.9922526 1.6440042 1.5527547 1.7295306 1.5444787 1.5490247 1.5839752 1.3972279 1.5616365 1.7426275 1.6263834 1.5824059 1.5740531 1.6308879 1.6772420 1.5320576 1.7259716 1.5303329 1.7129539 1.4871861 1.7000879 1.5065944 1.6215919 1.9871537 1.5957217 1.6541917 1.6919795 1.5941336 1.7312742 1.9142225 1.7194898 1.7713010 1.7430277 1.8445090 1.8381522 1.7619675 1.7703598 1.8345750 1.6026351 1.6888491 1.7467011 1.7624530 1.5780991 1.8253721 1.7945963 1.7015568 1.7088759 1.6836473 1.7872914 1.5239266 3.5664282 4.8508169 1.6340351 2.5838786 4.8935847 5.0681371 5.1732923 6.2028578 
M_Poko_virus_YP_010840679                     3.1004570 0.7408592 0.7862238 0.8027032 3.1099293 0.6944057 0.7433512 0.1500379 0.1577956 0.1547988 1.5049081 0.0000000 0.0795336 1.6256075 1.4409761 1.7307414 1.5683308 1.4998855 1.2080972 1.2844348 0.7685925 0.6765295 1.3612786 0.7114265 1.4969743 1.4234061 1.1142916 1.5383474 0.6651439 1.1529574 1.4156216 1.3943353 1.1515093 1.0339512 1.0806718 1.3996333 0.7373927 1.2516855 1.0851828 1.0954447 1.0987787 1.0633309 1.1327890 1.0673579 1.0939369 1.1105365 1.0962178 1.3800916 1.4592518 1.4810889 1.2204641 1.4264456 1.4316421 1.3183133 1.4108511 1.4486841 1.3238205 1.2455680 1.3751309 1.2657227 1.3830695 1.1119094 1.4618122 1.1266905 1.3807753 1.3695508 1.4209022 1.1059082 1.5033743 1.0609223 1.1180198 1.0301246 1.0493436 1.1265799 1.1056309 1.0671870 1.5362991 1.2710804 1.2882517 1.4157096 1.4863881 1.4228039 1.2914977 1.4577616 1.0962318 1.3738285 1.3525877 1.2031923 1.2889848 1.2862369 1.3809193 1.3467101 1.6346495 1.5175299 1.2936160 1.3751011 1.3588234 1.4380222 1.4582096 1.1612511 1.2750169 1.4610584 1.4995749 1.4779809 1.4971324 1.4650592 1.3915949 1.2504756 1.5870909 1.2904211 1.6558573 1.2545099 1.2192371 1.1620877 1.2055091 1.6694206 1.1920748 1.1471806 1.3150834 1.2175393 1.3830459 1.5134943 1.3495951 1.4094454 1.5452794 1.4012573 1.3235337 1.6550664 1.3797047 1.4068800 1.6387350 1.6852440 1.6266612 1.6711422 1.5533221 1.5423451 1.6638406 1.5772841 1.7422229 1.7275641 1.6497995 1.4217123 3.3366132 3.3829702 0.7038662 2.4237086 5.2361829 5.0031315 4.8499540 5.0436255 
Lednice_virus_YP_010840628                    3.0477392 0.7038038 0.7689386 0.7941282 3.1662776 0.6786258 0.7475043 0.1467127 0.1877407 0.1831667 1.5085332 0.0795336 0.0000000 1.6477907 1.4511090 1.7506330 1.5506334 1.4639367 1.2222172 1.3079075 0.7613091 0.6886837 1.3669705 0.7172149 1.5056194 1.4084655 1.0864754 1.5208323 0.6707481 1.1633652 1.4141715 1.3732704 1.1465235 1.0757074 1.0970248 1.4094817 0.7243492 1.2734672 1.0946860 1.1048073 1.1338149 1.1032107 1.1654058 1.0947625 1.1289643 1.1149366 1.0985925 1.3669685 1.4595836 1.4784336 1.1787054 1.4287401 1.4165345 1.2743972 1.4297589 1.4735209 1.2852287 1.2448621 1.3907110 1.3148580 1.3850073 1.1189961 1.4917365 1.1470620 1.4005198 1.3871366 1.3855907 1.1117623 1.5055263 1.0984401 1.1496460 1.0609305 1.0804981 1.1457305 1.1209306 1.0901345 1.5198827 1.2845500 1.2707688 1.3904483 1.4649092 1.4136032 1.2791766 1.4105648 1.1261430 1.3780778 1.3407413 1.2126708 1.3073734 1.2463201 1.4022991 1.3654710 1.6499772 1.4997999 1.2515015 1.3983340 1.3231318 1.4302403 1.4415715 1.1733559 1.2520395 1.4708873 1.4819007 1.4605850 1.4603924 1.4385764 1.3946066 1.2617374 1.5727850 1.2944196 1.6248096 1.2641686 1.1663061 1.1909659 1.2045501 1.6901584 1.2020229 1.1521609 1.3532234 1.2041589 1.4080946 1.5449644 1.3260121 1.3406588 1.5622072 1.4314348 1.3276365 1.6968344 1.3882940 1.4178542 1.5819269 1.6690277 1.6440334 1.6793785 1.5457563 1.5174312 1.6195728 1.5679620 1.7178912 1.7035173 1.6132356 1.3910945 3.3589895 3.4663936 0.6715015 2.4300631 5.2002768 4.9363024 4.8133259 5.1507309 
Rio_Preto_da_Eva_virus_YP_009666932           3.3241827 1.7662403 1.8087527 1.7139534 4.1866437 1.9267964 1.9014089 1.6554100 1.7132412 1.6562151 0.3446810 1.6256075 1.6477907 0.0000000 0.3095666 0.3936390 0.4557326 1.7142178 1.7358682 1.6920696 1.8011396 1.6618421 1.6285753 1.7337119 1.9826903 1.9020372 1.7934417 1.9269600 1.7101249 1.7617136 1.9436609 1.6766791 1.7834137 1.8153552 1.8435732 1.7751518 1.7485289 1.8977178 1.8883547 1.8085858 1.8196877 1.8388964 1.8935755 1.8851674 1.8167424 1.8428717 1.8130352 1.8515701 1.8477219 1.9006459 1.6718223 1.7426922 1.9037845 1.6277146 1.6917163 1.7304106 1.6273471 1.5971851 1.8173305 1.7738870 1.6599549 1.5384767 1.7904938 1.4171497 1.6596494 1.6467975 1.6263110 1.5406973 1.7050439 1.5037433 1.5791621 1.5612402 1.5569353 1.5097734 1.5006433 1.4974647 1.6492197 1.8141514 1.7190910 1.7640871 1.7058430 1.7292737 1.6511530 1.6912155 1.5300422 1.7518455 1.6695124 1.4418444 1.8016721 1.6355419 1.7409140 1.8022273 2.0268729 1.6235670 1.6840919 1.8732670 1.6571658 1.6772539 1.6267402 1.4536929 1.6342685 1.8322295 1.6418940 1.5943911 1.6256203 1.6602614 1.8819768 1.4974176 1.7929834 1.5984065 1.7250095 1.7122481 1.7157031 1.5862040 1.7247527 2.0384994 1.7160346 1.7044493 1.7938713 1.6391139 1.7091651 1.9489898 1.8105744 1.8187869 1.8141111 1.8873282 1.8566755 1.9015502 1.8931530 1.9583133 1.7668577 1.8330972 1.9815756 1.9631012 1.7320199 1.9838763 1.9265933 1.7676751 1.7671465 1.7456213 1.8257458 1.6780213 3.7161029 5.0350881 1.8357037 2.5556775 5.1089684 5.3261829 5.1282319 7.1100846 
Pacui_virus_YP_009666931                      3.1763700 1.6126192 1.6419411 1.5881266 3.8039234 1.7487136 1.6152409 1.4643005 1.4868408 1.4476931 0.2711014 1.4409761 1.4511090 0.3095666 0.0000000 0.3019672 0.4023886 1.5510478 1.6134215 1.7182986 1.5979465 1.5061145 1.6112407 1.6207850 1.8186619 1.8167048 1.7240016 2.0827284 1.5398807 1.6586069 1.8347647 1.5828827 1.6128438 1.6878759 1.6983196 1.7687559 1.6095698 1.8034714 1.7197921 1.6834091 1.7105748 1.7431970 1.7042692 1.7337016 1.7077600 1.7505235 1.6790013 1.8148764 1.7102828 1.8054458 1.5454302 1.7225284 1.8084355 1.5489316 1.6752352 1.7234845 1.5484324 1.5027733 1.6863347 1.5864680 1.6617461 1.4101810 1.7744755 1.4684842 1.6468664 1.4956780 1.6206919 1.4553688 1.6431394 1.3968789 1.4629634 1.4536142 1.4468424 1.4752679 1.3698249 1.3978364 1.6533239 1.7380906 1.7143399 1.6473255 1.5803560 1.6006699 1.5358621 1.5092314 1.4887334 1.6310795 1.5238681 1.4402481 1.7030853 1.4839386 1.6242513 1.6086879 1.9157917 1.6243440 1.5769919 1.6793120 1.5631339 1.4764874 1.6414991 1.4087410 1.5108436 1.6237463 1.6186250 1.6037424 1.5639616 1.6724480 1.5807070 1.3958420 1.7471707 1.4761900 1.7604678 1.5388277 1.6436988 1.5107040 1.6513762 1.8868747 1.6299949 1.5794934 1.6677475 1.6246820 1.6950678 1.7817208 1.7288954 1.6405724 1.7118041 1.7913569 1.7059461 1.7337548 1.7142272 1.8371152 1.6720232 1.7184290 1.8520550 1.8348092 1.6097534 1.8388918 1.7579670 1.6307850 1.5958715 1.5718473 1.7179104 1.4902243 3.4124833 5.0304835 1.5478054 2.6384227 4.4338248 4.7491395 4.8437391 6.1825710 
Caimito_virus_YP_010086209                    3.7540291 1.7559208 1.7935119 1.7639677 3.4922337 2.0190905 1.7586976 1.7475789 1.8034444 1.7783724 0.3375517 1.7307414 1.7506330 0.3936390 0.3019672 0.0000000 0.4044760 1.7851166 1.6896442 1.9260085 1.7277895 1.5953847 1.7554229 1.7543831 1.8863807 1.9629407 1.7912730 2.0702349 1.7640392 1.7283668 1.8846289 1.6935914 1.6696207 1.7995050 1.8266214 1.9002846 1.7352471 2.0377333 1.8570427 1.8376509 1.8250360 1.8362841 1.7822412 1.7844926 1.8221111 1.8150698 1.7644345 1.9668172 1.7895508 1.9126611 1.6769267 1.8717397 1.9674026 1.7087449 1.8083344 1.8483343 1.7098100 1.6566730 1.7365161 1.7394759 1.8102898 1.5955872 1.8950309 1.5908406 1.7621993 1.6021402 1.6875007 1.6383544 1.8181818 1.5409800 1.6570061 1.6164449 1.6159055 1.6260441 1.6055893 1.5709099 1.7359244 1.8390261 1.7826326 1.7230385 1.6788532 1.6641100 1.6045727 1.6251899 1.6871782 1.7572068 1.6800821 1.5556615 1.8461707 1.7319058 1.7852304 1.7771142 2.1442344 1.6975498 1.6476371 1.8093186 1.6688561 1.5783747 1.7135723 1.5725225 1.6813464 1.7780488 1.7052167 1.6926139 1.6292134 1.7732272 1.7919768 1.5461417 1.8388873 1.5923751 1.8914463 1.5576433 1.8411368 1.6914513 1.8159830 2.1217544 1.7700515 1.8043261 1.8925215 1.7891399 1.8835982 1.9899301 1.8742330 1.8901857 1.9427058 1.8971255 1.7607633 1.8037795 1.7331181 1.8007397 1.7775946 1.8589774 1.9370159 1.9512168 1.7045797 1.8625984 1.8898724 1.7569729 1.8047896 1.7717462 1.8032764 1.6215472 3.6734739 5.2223866 1.7859199 2.7963339 5.1227312 5.2530615 5.4046948 7.0035558 
Tapirape_virus_YP_010085070                   3.4703157 1.7814657 1.7981117 1.7562290 3.7936495 1.8911901 1.7923658 1.6062651 1.6733194 1.6327013 0.4438284 1.5683308 1.5506334 0.4557326 0.4023886 0.4044760 0.0000000 1.7015214 1.7541750 1.7675094 1.7992305 1.7384751 1.6171204 1.7957483 1.7625092 1.7387194 1.9657484 2.0197804 1.8560371 1.9165027 1.7949346 1.5833116 1.8839807 1.9261956 1.9072370 1.7540884 1.6320751 1.9727525 1.8922195 1.9014990 1.8686290 1.9326217 1.9422910 1.8647503 1.8656792 1.8915953 1.8522759 1.7495018 1.6905977 1.8532886 1.5745124 1.6511282 1.8381415 1.6145246 1.6170586 1.7820657 1.6162919 1.4782127 1.6316539 1.6824361 1.6590911 1.4928402 1.7534424 1.4648819 1.7161125 1.5866157 1.5663974 1.5177877 1.6580982 1.4252303 1.5298771 1.4983300 1.4977998 1.5054352 1.4793824 1.4692952 1.5885408 1.9034246 1.7856805 1.6260448 1.6011848 1.6150681 1.6024254 1.5980445 1.4807453 1.7216502 1.6979771 1.5235615 1.8202180 1.7573275 1.8157332 1.6688716 2.1835163 1.5855308 1.6860388 1.7426807 1.6218402 1.5066345 1.5682495 1.4731801 1.6458786 1.8052311 1.6425371 1.5880004 1.5794505 1.7323041 1.7119147 1.5953804 1.6205564 1.5767390 1.8646444 1.5972566 1.6497580 1.4904880 1.5588057 1.9074744 1.6405692 1.6748639 1.8867140 1.5822476 1.8085497 1.9548728 1.7354232 1.8281341 1.8179024 1.8536668 1.6944122 1.8427987 1.8103712 1.8315762 1.6715398 1.6577892 1.8603621 1.8408505 1.5614050 2.0206941 1.8161618 1.7070987 1.7453309 1.7126411 1.7991379 1.6397999 3.5206033 4.6877201 1.7779221 2.8032179 5.1915073 5.4319671 5.2088123 6.6662339 
Brazoran_virus_YP_008400137                   2.8145905 1.4882018 1.5192764 1.5178331 3.7972213 1.4572562 1.6135511 1.5372870 1.4673379 1.4570979 1.6086951 1.4998855 1.4639367 1.7142178 1.5510478 1.7851166 1.7015214 0.0000000 1.2826935 1.4692866 1.3877713 1.4205811 1.6099474 1.3350818 0.7020107 0.7143686 1.2216655 1.7124486 1.3589138 1.1620938 0.6367789 1.3536308 1.1213599 1.2828385 1.2878892 0.6495810 1.4246499 1.3187415 1.2451674 1.2679367 1.2794164 1.2946631 1.3322899 1.2836758 1.2729787 1.2799019 1.2534809 0.6938017 0.6651007 0.5526997 1.1879806 0.5971024 0.4390493 1.2560212 0.5827128 0.5941084 1.2508074 1.1817849 0.6577989 0.6341379 0.6260606 1.2278779 0.6103348 1.2157665 0.6044130 0.6268558 0.4767339 1.2234590 0.5897045 1.2223063 1.3129766 1.2332986 1.2059234 1.2252787 1.2896742 1.2291798 0.5232801 1.2498242 1.2588997 0.5870658 1.2705256 1.2388958 1.3671081 1.2994898 1.3061972 1.3103242 1.1171906 1.3557175 1.2258012 1.2258345 1.3643028 0.7325441 1.4820749 0.4966851 1.3675674 0.7526134 1.6651675 0.6546430 0.5064782 1.2459488 1.2676673 0.6651811 0.5010029 0.5121633 0.5146252 0.5560661 0.6824768 1.1847488 1.4712200 1.3911547 1.2421007 1.3750652 1.2639534 1.2564507 1.2407353 1.7284992 1.2484248 1.1862476 1.4863326 1.2532613 1.2618336 1.6609681 1.5413584 1.5018781 1.4967243 1.5927056 1.4805373 1.5477450 1.5949260 1.6345987 1.5603247 1.6252739 1.6964734 1.6175248 1.6790158 1.4399761 1.4551833 1.3247772 1.3746079 1.3882820 1.4429979 1.2947256 3.4294103 4.0454698 1.5083948 2.3964531 5.1457351 5.1984179 5.0649813 5.4112530 
Sedlec_virus_YP_010839946                     2.9499056 1.3835843 1.3822528 1.3037464 3.3830037 1.5115029 1.6042514 1.2245751 1.2641554 1.2652622 1.6150728 1.2080972 1.2222172 1.7358682 1.6134215 1.6896442 1.7541750 1.2826935 0.0000000 1.5097402 1.3586418 1.3037729 1.6600280 1.2988275 1.2781157 1.3058752 1.1615201 1.8080493 1.1864951 1.0764883 1.2945211 1.3646514 1.0839283 1.1001875 1.0858509 1.2273262 1.3421493 1.4224674 1.1589430 1.1178580 1.2306715 1.2012601 1.1979873 1.2187260 1.2257700 1.1207700 1.1513463 1.3004923 1.2465554 1.1834210 1.4244158 1.2645749 1.2938080 1.4158849 1.2744809 1.2561908 1.4262483 1.3973802 1.2604257 1.2306075 1.1314369 1.2599648 1.2631957 1.3179588 1.2841021 1.2464385 1.1756207 1.2570693 1.2174225 1.2664203 1.2773098 1.2750639 1.2717571 1.2837828 1.3531459 1.2559951 1.2060106 1.1857455 1.1857056 1.0787412 0.7943702 0.7558230 0.7479345 0.8146125 1.3378652 0.8326644 0.6929696 1.2670060 1.1519328 1.3413242 1.4439722 1.2282856 1.4068097 1.2237488 1.3883898 1.3412477 1.5415259 1.2576747 1.1721943 1.4058158 0.7912096 1.2175405 1.2137114 1.1886078 1.1746274 1.2118790 1.2904278 0.7835481 1.5217438 0.8952542 1.5083235 0.8998097 1.3393279 1.2930978 1.3485954 1.4395407 1.3274768 1.2995441 1.4395736 1.2440569 1.2701121 1.5942486 1.1424147 1.5801271 1.5694097 1.1707313 1.1431689 1.6719234 1.2376691 1.2868956 1.5292131 1.6090149 1.5162868 1.5359820 1.3601999 1.3040969 1.7104096 1.4934492 1.7344588 1.7117474 1.5918915 0.7789086 3.2669045 4.0324080 1.5720469 2.5271153 5.0683968 5.2186559 5.0937375 5.3452019 
Tanga_virus_YP_010840650                      3.2254058 1.4430853 1.4455742 1.3986124 3.2862856 1.3670230 1.4554242 1.3686175 1.3248917 1.3431506 1.8303798 1.2844348 1.3079075 1.6920696 1.7182986 1.9260085 1.7675094 1.4692866 1.5097402 0.0000000 1.3057527 1.3485745 0.5807823 1.4075179 1.6416149 1.6755826 1.3496339 0.7486001 1.4016557 1.2906789 1.7549586 1.0782182 1.3815054 1.3423401 1.2794658 1.5038999 1.4525168 1.6323817 1.3194707 1.3447201 1.4076939 1.3871672 1.4075536 1.3811480 1.4124076 1.4143502 1.3923027 1.6499750 1.6228975 1.6741190 1.4416917 1.5598395 1.6631472 1.4881375 1.5301669 1.6089111 1.4888922 1.4787170 1.6410112 1.5715650 1.5043744 1.3347828 1.6093662 1.3642025 1.5655288 1.5304685 1.4543655 1.2899365 1.6560583 1.3016351 1.3314663 1.3583581 1.3718722 1.3222937 1.3141127 1.3353027 1.4353585 1.4694621 1.4129825 1.5475650 1.6383225 1.6534067 1.5431108 1.6604922 1.3310544 1.6408076 1.6361329 1.4982110 1.4430017 1.5316337 1.2068080 1.4980755 1.6550263 1.5366437 1.8141128 1.6989254 1.1352495 1.5560753 1.5306114 1.2827613 1.5482383 1.6382817 1.5653548 1.5339410 1.5500274 1.5630568 1.6169554 1.4480011 1.2081960 1.6876429 1.6436472 1.6950104 1.5993185 1.6078638 1.6099992 1.4398039 1.6596753 1.6468728 1.5854597 1.5825564 1.4895496 1.4580925 1.7737316 1.3119685 1.5159572 1.6037130 1.5487171 1.4720278 1.6869680 1.7684557 1.7678384 1.7947024 1.9134393 1.8747735 1.5937541 1.5643700 1.9144851 1.7615201 1.7912582 1.7528767 1.8724747 1.6272463 3.2685873 4.1912097 1.4274561 2.3786126 4.9656647 4.9247960 4.8113011 5.4572976 
Nola_virus_YP_010840670                       3.1168967 0.7620080 0.7509957 0.7286295 3.1709988 0.8525958 0.7882483 0.7939833 0.7741176 0.7484996 1.6639702 0.7685925 0.7613091 1.8011396 1.5979465 1.7277895 1.7992305 1.3877713 1.3586418 1.3057527 0.0000000 0.4471771 1.3805312 0.3076964 1.4502047 1.4215453 1.1189714 1.5175428 0.3964197 1.0840325 1.3297353 1.3784838 1.1222640 1.1452312 1.1394046 1.3552490 0.7199415 1.1387276 1.1079901 1.1060858 1.2290778 1.2418196 1.2270803 1.1975745 1.2240937 1.2173531 1.1922953 1.4265213 1.4506308 1.3862430 1.2993832 1.3731692 1.3141152 1.3017736 1.3745377 1.3759087 1.3275549 1.2909806 1.4070016 1.3988043 1.4076812 1.1893902 1.3544765 1.2126813 1.4048231 1.3405866 1.3242627 1.1853648 1.3292065 1.1666419 1.2128830 1.1356958 1.1410537 1.2422809 1.1286764 1.1857864 1.4073347 1.4631056 1.4496573 1.4148579 1.4179429 1.4085148 1.4233952 1.5200772 1.2038227 1.3639275 1.5058312 1.3498914 1.4539213 1.4207133 1.3453781 1.4000047 1.6351934 1.4007099 1.3888683 1.4090638 1.4551607 1.3712737 1.3840209 1.1858565 1.4020820 1.3834189 1.3990467 1.3652087 1.4102898 1.2905057 1.4296181 1.3213666 1.3915361 1.5082388 1.4843773 1.4196620 1.2540283 1.2693829 1.3437110 1.7131308 1.3383968 1.2818240 1.4219285 1.2796493 1.5394450 1.6737594 1.4774927 1.5079035 1.5786984 1.5878602 1.4306704 1.6281815 1.5006026 1.6040859 1.6442196 1.7105769 1.7403394 1.7399940 1.7632499 1.5727595 1.5993695 1.4774912 1.6452052 1.6290491 1.8607367 1.4475075 3.3860560 3.6792346 0.8448446 2.3649594 5.1795120 5.0655112 4.8296778 5.3865739 
Bakau_virus_YP_010840728                      3.2083991 0.7969151 0.8054125 0.7855513 3.3433015 0.9011943 0.8866425 0.7309747 0.7299058 0.7309587 1.5069361 0.6765295 0.6886837 1.6618421 1.5061145 1.5953847 1.7384751 1.4205811 1.3037729 1.3485745 0.4471771 0.0000000 1.3452157 0.3733993 1.3920183 1.3992985 1.0631515 1.5841518 0.3465504 1.1749725 1.3726310 1.4856719 1.1395407 1.1920907 1.1885952 1.3448962 0.6651071 1.1547065 1.1719418 1.1975103 1.2443919 1.2831877 1.3071820 1.2199891 1.2489044 1.2665060 1.2709426 1.4255095 1.4130535 1.3750330 1.3237245 1.4240699 1.4468411 1.3379769 1.4361105 1.4069136 1.3563087 1.3240102 1.3886578 1.3412991 1.3589309 1.2573774 1.4245264 1.2664294 1.3351759 1.3538529 1.2711097 1.2499659 1.4227254 1.1926244 1.2918959 1.1830317 1.1822901 1.2817340 1.2276790 1.1914195 1.3922498 1.2916858 1.3884472 1.3133592 1.2273079 1.2427403 1.2429319 1.2771534 1.2194400 1.2281086 1.3625685 1.3054141 1.3597163 1.3486457 1.3272137 1.4020756 1.8522136 1.3362267 1.3541220 1.3990991 1.4528832 1.3645514 1.3663216 1.2129176 1.2107593 1.3066821 1.3621705 1.3453737 1.3465577 1.3040467 1.3808592 1.1766914 1.4942321 1.3324985 1.6322209 1.3236615 1.3410490 1.3223491 1.4207560 1.6603344 1.3761333 1.3034682 1.3004216 1.3294832 1.5818081 1.7352007 1.4057363 1.5571844 1.5912424 1.4169888 1.3255770 1.5933286 1.3916081 1.4509034 1.6543000 1.7842331 1.5882871 1.6222838 1.7488262 1.6373340 1.6405938 1.5170138 1.7120756 1.6906101 1.7350358 1.1940450 3.3019943 3.7377371 0.7809852 2.5285276 4.9684541 5.0193840 4.7811468 5.4850442 
Okola_virus_YP_010840667                      3.1788031 1.3049007 1.3196096 1.3234810 3.5484874 1.5985666 1.5174970 1.4300060 1.3766963 1.3928656 1.6698830 1.3612786 1.3669705 1.6285753 1.6112407 1.7554229 1.6171204 1.6099474 1.6600280 0.5807823 1.3805312 1.3452157 0.0000000 1.4032975 1.6130276 1.6086030 1.3763879 0.7305278 1.4185289 1.4147906 1.6478046 1.1907812 1.4291349 1.4061450 1.3815938 1.5666569 1.4859981 1.5507437 1.3870425 1.3802372 1.4743391 1.4836932 1.5437107 1.4416840 1.4757780 1.4328605 1.4150822 1.6135818 1.5355649 1.6054772 1.5362652 1.6398227 1.6645065 1.6169008 1.6630823 1.7043846 1.6140665 1.5683849 1.5504216 1.6418380 1.5684874 1.4933436 1.6781552 1.5285659 1.5784347 1.5297931 1.6428414 1.3543148 1.6384694 1.3497123 1.4980099 1.4164014 1.4299528 1.3775703 1.4155492 1.4372425 1.6410132 1.5818467 1.5857465 1.5988109 1.6897963 1.7141396 1.6333443 1.7789725 1.4488454 1.8668861 1.7690730 1.6346901 1.5722257 1.5509000 1.1816969 1.4848243 1.7685021 1.6947066 1.7343003 1.6191770 1.2697622 1.5922338 1.6769550 1.4390147 1.7034791 1.5207058 1.6683279 1.6224914 1.6142469 1.5983495 1.5824313 1.6414950 1.2443081 1.6758212 1.7966338 1.8273541 1.6611943 1.6316737 1.6289703 1.7327363 1.6815701 1.6953763 1.6097055 1.6862354 1.5920432 1.5480075 1.7883694 1.4322425 1.7154019 1.8258024 1.6255111 1.5396330 1.7387012 1.8378427 1.8641677 1.9928599 1.8303972 1.7405692 1.8193667 1.7939107 1.9489906 1.7565096 1.8764675 1.8551243 1.8783352 1.7474591 3.2292069 4.1141738 1.4610195 2.3927577 4.7541514 4.8392425 4.7836378 6.1852565 
Witwatersrand_virus_YP_009667022              3.1631126 0.8173283 0.8479950 0.8295622 3.3445653 0.9109828 0.8671546 0.7482057 0.7071203 0.6952553 1.6178521 0.7114265 0.7172149 1.7337119 1.6207850 1.7543831 1.7957483 1.3350818 1.2988275 1.4075179 0.3076964 0.3733993 1.4032975 0.0000000 1.3875771 1.3974884 1.0794210 1.6148867 0.3574586 1.0312378 1.3592328 1.5070111 1.0487184 1.0957649 1.0954813 1.3623152 0.7144344 1.1637738 1.0642622 1.0860527 1.1223056 1.1112199 1.1312247 1.1008041 1.1266978 1.0952261 1.0684601 1.3647516 1.4515750 1.3948630 1.2999248 1.4000340 1.3292119 1.2535802 1.4400730 1.3556304 1.2679132 1.2636428 1.3515302 1.2943181 1.3745140 1.1766110 1.3982731 1.1834675 1.3433243 1.2950182 1.2010498 1.1821984 1.4094915 1.1142699 1.2023227 1.1116522 1.1066373 1.2515933 1.1196349 1.1200243 1.2943226 1.3368079 1.3936531 1.3359942 1.3605941 1.3064812 1.3426764 1.3549490 1.2047725 1.2534184 1.3117137 1.2049651 1.3283047 1.2808753 1.3996247 1.3341651 1.6910408 1.3013219 1.2460008 1.3470610 1.5435445 1.4012207 1.2599190 1.1782197 1.3300372 1.3427128 1.3086199 1.2699491 1.3039794 1.3153085 1.3657503 1.2742287 1.5333226 1.3787928 1.5935171 1.3016985 1.2806978 1.2494254 1.3203509 1.6720044 1.3105292 1.2562838 1.3103034 1.2579465 1.5232001 1.7283256 1.3236863 1.5299513 1.4436389 1.3939516 1.2905774 1.5541499 1.4346750 1.4783763 1.6709163 1.7365634 1.5987391 1.5795750 1.7363579 1.6964844 1.6579223 1.4883628 1.6705904 1.6566306 1.7228998 1.2919815 3.0922593 3.5633290 0.8581343 2.4675533 5.4080701 5.3589037 5.0654749 5.5172808 
Bertioga_virus_YP_010840712                   3.0269222 1.4720658 1.4115706 1.4020957 3.9951687 1.5218317 1.6649456 1.5667935 1.5067385 1.4917159 1.7341438 1.4969743 1.5056194 1.9826903 1.8186619 1.8863807 1.7625092 0.7020107 1.2781157 1.6416149 1.4502047 1.3920183 1.6130276 1.3875771 0.0000000 0.3087075 1.3954367 1.8590801 1.3483914 1.2788557 0.3691339 1.3943400 1.2093649 1.2686654 1.2924632 0.2998525 1.3956331 1.4844274 1.2390870 1.2145208 1.2621738 1.2812891 1.3840306 1.2574957 1.2668228 1.2241751 1.2297424 0.2210689 0.3893455 0.4931781 1.2643253 0.4631339 0.7457090 1.3502647 0.4735689 0.5012221 1.3545329 1.2432582 0.4095092 0.4552024 0.4486137 1.1865322 0.5072556 1.2620283 0.4798693 0.4439876 0.6357163 1.2548938 0.4538457 1.1881494 1.2087011 1.2304291 1.2254869 1.2449436 1.2673708 1.2164362 0.6541555 1.3697408 1.4278654 0.6308257 1.4451909 1.3790957 1.3360698 1.3538487 1.3292155 1.4296089 1.3602492 1.4566796 1.4288322 1.4881500 1.4912643 0.5039688 1.4795800 0.6105389 1.4647397 0.5568877 1.7304824 0.5573858 0.6869362 1.1878861 1.2609632 0.5179567 0.6172708 0.6361847 0.5753974 0.6211475 0.5936062 1.2425019 1.5792233 1.3278257 1.3824969 1.3538782 1.2674187 1.2361000 1.2680418 1.7671177 1.2598615 1.1982464 1.4801068 1.2332417 1.4564529 1.8013646 1.5274931 1.8050414 1.7373446 1.5779075 1.6017319 1.6620254 1.6484490 1.7359588 1.5543112 1.6430820 1.6422456 1.6434474 1.6559402 1.6071478 1.7124153 1.5450985 1.7259332 1.7120941 1.5210382 1.3775247 3.7041263 3.9824469 1.5586096 2.4642871 5.1400315 5.3833453 5.0315153 5.3560397 
