149
D_mel_bunya_L_protein                         0.0000000 7.6078528 2.3609453 2.3727971 2.3559672 2.2072637 3.6669493 3.1967081 3.1293699 3.2325877 3.2591474 3.3382617 3.1923402 3.0096681 2.9415814 2.9864157 3.0806618 3.1067102 3.1361858 3.0315604 3.0339151 3.1286683 3.0282131 3.0589580 3.1006114 3.1354470 3.0669879 3.0755038 3.1242517 3.0909147 3.0547022 3.0632820 3.0815742 3.1302979 3.0987973 3.1550705 3.0379576 3.1537329 3.0561596 3.1227144 3.0586042 3.1839584 3.2076182 3.1370252 3.0958011 3.2201543 3.0638712 3.1480491 3.2644530 3.0576773 3.1628817 3.0322682 3.1349820 3.1629745 3.1944152 3.2068853 3.2640080 3.1605507 3.1425066 3.2079152 3.1808217 2.9242386 2.9191050 3.0354472 3.1795103 2.9435325 3.2046184 2.9858944 3.1866386 3.1646208 3.2708574 3.1099299 3.1483499 3.2102832 3.2339771 3.0420742 3.0026420 3.1338778 3.0177921 2.9697026 2.9821842 3.0031423 2.9829899 3.1033664 3.0500167 3.0286975 3.1018460 3.0035908 3.1173265 3.1445277 3.1624039 3.0649288 3.0570104 3.0014870 3.0203811 2.9593124 3.0152105 3.1948584 3.0146124 2.9957304 3.1670801 3.1343608 3.1438126 3.1461318 3.1921494 3.0239006 3.2334908 3.2087810 3.0633991 3.0603607 3.0943747 3.0431889 3.1027610 3.1154630 3.1249471 3.1061872 3.3019805 3.2704251 3.1037447 3.0802208 3.0955973 3.1300949 3.0629562 3.0917959 3.0771389 3.0870936 3.0740568 3.0953957 3.0591849 3.0533626 3.0844669 3.0796621 3.0825563 3.0535657 3.0785458 3.1177450 3.0809106 3.0664532 3.0544629 3.0265123 2.9914258 3.0956524 3.0401625 3.0494856 3.1178210 3.2381666 4.4523520 3.1741595 2.4940128 
Mulberry_vein_banding_virus_YP_009126736      7.6078528 0.0000000 8.6412995 8.5546088 8.5133635 7.8057933 8.2206667 6.2976368 5.9912593 6.3574564 6.4072675 6.4142765 6.3814176 6.5096492 6.6505009 6.4909999 6.0334112 6.2175932 5.9799710 5.9538559 5.9575303 5.9087054 5.9291539 6.0659077 6.0045992 5.9157924 6.4679833 5.9257049 5.7754010 5.8532644 5.8578974 5.8318874 5.9346945 5.8811703 5.9730169 5.8333413 5.6255465 5.8274305 5.8026203 5.8067786 5.7055874 6.6428693 6.6412785 6.6182771 6.6074805 6.6250732 6.7431728 6.6433863 6.7163171 6.4445392 6.8066989 6.9066443 6.3983127 6.7760995 6.7216268 6.7429769 6.7627811 6.7414719 6.5551543 6.4505587 6.6776397 6.5412565 6.5261150 6.1293908 6.6727562 6.4696729 6.1059012 6.6062454 6.7429101 6.4280477 6.6732539 6.2279711 6.7133134 6.9580597 6.5103906 6.4052483 6.2984432 6.3676615 6.4580164 6.4190335 6.4630328 6.3291126 6.2789030 6.3937849 6.3262914 6.1948522 6.4497626 6.3540229 6.2817752 6.5962084 6.1468659 6.2327130 6.1657860 6.2770174 6.2124092 6.2780356 6.1815171 6.2019131 6.2376323 6.4619171 6.7059493 6.0916578 6.1184258 6.1540675 5.9983721 6.5516554 6.2304110 6.5494874 6.6406327 6.4082806 6.2697163 6.3740171 6.0716983 6.0201495 6.3157026 6.1177470 6.5936703 6.7595705 6.7767526 6.3145893 6.2749620 6.3993588 6.0770203 6.1083302 6.0675790 5.9577469 6.1134264 6.0099097 6.0308927 6.0175779 6.1148596 6.0680280 5.9054616 6.1094569 6.0504574 5.9987466 6.0846633 6.1460998 6.2222096 6.2832987 6.1984827 6.6323780 6.3841843 6.3594308 6.1967335 6.6668756 8.1185872 6.6496234 7.4319401 
Tai_virus_YP_009362026                        2.3609453 8.6412995 0.0000000 0.2124175 0.2292317 2.6094825 3.9834797 3.5355643 3.5717933 3.5800053 3.5783869 3.5581939 3.6354352 3.5713777 3.5488121 3.5909027 3.4581091 3.5094359 3.4959477 3.4497299 3.4522058 3.6357827 3.4108156 3.6239019 3.7332868 3.6341436 3.5652626 3.7269010 3.5359286 3.5864753 3.5858535 3.5155345 3.5207137 3.5511087 3.5353997 3.5275566 3.4276979 3.5353368 3.5311731 3.5346891 3.5029655 3.6875980 3.6617296 3.7554403 3.7421533 3.7603459 3.6125889 3.6891210 3.7679426 3.5543685 3.6867305 3.7292758 3.4710313 3.6341208 3.6143786 3.6362570 3.7421844 3.7161710 3.5965273 3.7420164 3.6950321 3.4460437 3.4244775 3.5028038 3.7029808 3.4520182 3.6822525 3.4779662 3.7720230 3.4877654 3.6608428 3.5986609 3.6663236 3.6125872 3.5635976 3.4633320 3.4494715 3.5349744 3.4325321 3.4564246 3.4517888 3.5520575 3.4860189 3.4963286 3.6023600 3.6196942 3.6229834 3.4488011 3.6395111 3.5957363 3.7011746 3.5636124 3.4742757 3.5457345 3.4644776 3.5941394 3.4877376 3.6174082 3.4567851 3.5827649 3.7227077 3.5683175 3.5605234 3.5693186 3.5712955 3.4578104 3.7945938 3.7264267 3.5386926 3.7380476 3.6668046 3.7219106 3.7175936 3.6509910 3.6615747 3.6453070 3.8252949 3.6677438 3.7666117 3.6402562 3.5910732 3.6910024 3.4818172 3.5566061 3.4920708 3.5039040 3.4823985 3.4478666 3.4002969 3.4622091 3.4579701 3.4587519 3.4974598 3.4592842 3.4670009 3.5272596 3.4738890 3.5251616 3.5493205 3.5991946 3.5588753 3.7303557 3.5462121 3.6093485 3.4156150 3.6477969 4.9199495 3.6470424 2.9715536 
Herbert_virus_strain_F23/CI/2004_YP_009507855 2.3727971 8.5546088 0.2124175 0.0000000 0.2095268 2.6688358 4.0234730 3.5561468 3.6355388 3.6730866 3.6338078 3.6217239 3.6307374 3.5161912 3.4761815 3.4969197 3.4540307 3.4703975 3.4974808 3.4063052 3.4092595 3.6255304 3.3776872 3.5932399 3.6364765 3.6019685 3.5428087 3.7033692 3.5010005 3.5712662 3.5266414 3.4734006 3.5306518 3.4843082 3.5317020 3.4831934 3.4095320 3.4646806 3.4847836 3.4974992 3.4912025 3.7052361 3.6567643 3.6960722 3.7398918 3.7641358 3.6730828 3.6696553 3.7916428 3.6056015 3.7025212 3.6815457 3.4872245 3.5934818 3.5830748 3.6006804 3.6650697 3.6448059 3.5802360 3.6447722 3.7001418 3.4103135 3.3972243 3.4830578 3.7157905 3.4164093 3.6896886 3.4503528 3.6985363 3.4888925 3.5486013 3.4875416 3.6497109 3.6223365 3.6651107 3.4792337 3.4147835 3.5544167 3.4171278 3.4356485 3.4308299 3.4949182 3.4481179 3.4627209 3.5134519 3.5500614 3.5930405 3.4292410 3.5528023 3.6034447 3.6545356 3.5027675 3.4725005 3.4748565 3.4360138 3.4890655 3.5488329 3.5504950 3.4328041 3.5437587 3.6212185 3.5177425 3.5108318 3.4497510 3.5025113 3.4773047 3.6996252 3.6988244 3.5397998 3.7497888 3.6373586 3.7378238 3.6664724 3.6492038 3.6210240 3.6676210 3.7582672 3.5901152 3.7315112 3.6211013 3.5679481 3.6267785 3.4328577 3.5246669 3.4561730 3.4549660 3.4475659 3.4682091 3.3923578 3.4534886 3.4313546 3.4481566 3.5048506 3.4437180 3.4925256 3.5307947 3.4636684 3.4722481 3.5680171 3.5298559 3.5019560 3.7085768 3.5578191 3.6162596 3.4530480 3.6006061 5.0057758 3.5576757 2.9529301 
Kibale_virus_YP_009362027                     2.3559672 8.5133635 0.2292317 0.2095268 0.0000000 2.6353334 4.1217987 3.5426218 3.6280788 3.6260250 3.5779240 3.5109661 3.5825202 3.5008356 3.5237426 3.5012481 3.4846164 3.4861946 3.4951372 3.4270771 3.4300519 3.6561906 3.4028235 3.6131355 3.6524787 3.5708452 3.6053378 3.7243645 3.5524580 3.6415933 3.5919340 3.5258756 3.6003582 3.6233427 3.5732708 3.5418175 3.4748441 3.5476648 3.5477566 3.5551822 3.5157933 3.7389817 3.7010257 3.7337530 3.7248438 3.7387375 3.6756482 3.6813819 3.7648665 3.6451580 3.6615901 3.7441217 3.5426706 3.6322329 3.6013033 3.6051292 3.7577769 3.7547384 3.5644495 3.7010929 3.7935984 3.4584467 3.4209594 3.5231642 3.7990546 3.4547667 3.5832816 3.4991747 3.8213150 3.5489312 3.5238205 3.5650606 3.6842807 3.6869585 3.6507984 3.4991465 3.4668497 3.5602136 3.4033406 3.4463741 3.4285158 3.4739207 3.4836894 3.4921694 3.5149930 3.5440186 3.5934829 3.4553819 3.5862076 3.6127155 3.7017496 3.5636443 3.4633854 3.4615507 3.4260591 3.5186857 3.5006607 3.6605234 3.4326181 3.5502372 3.7011505 3.5663925 3.5506745 3.5388428 3.5560047 3.4699851 3.6966186 3.7346089 3.5053285 3.8176446 3.7041927 3.8052481 3.7198989 3.6455111 3.6672901 3.7051060 3.7874629 3.6187348 3.7551871 3.6970743 3.6140466 3.6748073 3.4297252 3.5321140 3.3829359 3.4337595 3.4497439 3.3334637 3.3363824 3.3936031 3.4113633 3.3922347 3.4436526 3.4217548 3.3741089 3.4769438 3.3892513 3.3908082 3.4990299 3.5420339 3.5200348 3.6698993 3.5478307 3.5833058 3.4548425 3.6065854 5.0140929 3.5889738 3.0275376 
Lakamha_virus_YP_010840270                    2.2072637 7.8057933 2.6094825 2.6688358 2.6353334 0.0000000 3.9462699 3.5596642 3.5424328 3.5042157 3.5944525 3.5668728 3.5465456 3.3323285 3.3681193 3.3143812 3.5396193 3.5258679 3.4810795 3.2923365 3.2944724 3.5110355 3.2803481 3.4229379 3.5560771 3.5033253 3.4280548 3.3089697 3.3014534 3.4165886 3.4391074 3.3319059 3.4053048 3.3985878 3.3930644 3.3752036 3.3783736 3.3055739 3.3077039 3.3074027 3.3966112 3.3900491 3.4018590 3.4295249 3.3024520 3.4138292 3.4794993 3.4084825 3.4176437 3.4434237 3.3733355 3.3762551 3.2039344 3.4093740 3.4252899 3.4304979 3.5200865 3.6382202 3.3671547 3.4911110 3.6558558 3.3177772 3.3199111 3.3691511 3.6843799 3.2953264 3.2613579 3.3349916 3.6573394 3.4603733 3.4128764 3.2933295 3.4066933 3.5060803 3.4511442 3.3596487 3.3641608 3.5437826 3.3559377 3.3403104 3.3471389 3.3654325 3.3226488 3.3556862 3.2567284 3.2635419 3.4523459 3.1992530 3.3232392 3.5236927 3.4040896 3.2282719 3.3489067 3.3867073 3.3645665 3.3435250 3.3743043 3.4309279 3.3250567 3.3388138 3.3580728 3.3302662 3.3524632 3.3371843 3.3924139 3.2867139 3.4948450 3.1592186 3.3666832 3.5025087 3.1812347 3.4959840 3.1869248 3.2504613 3.3140739 3.3880060 3.2649278 3.5082138 3.4251428 3.1219451 3.3684881 3.4689146 3.3226219 3.3825591 3.4504483 3.4279092 3.3045709 3.4009344 3.3525986 3.3929468 3.3767383 3.4359875 3.4453278 3.2883559 3.4153724 3.4465747 3.3135728 3.3887334 3.3582231 3.3613474 3.3874753 3.5821042 3.4361159 3.3979260 3.3693705 3.4440816 5.2750390 3.3670350 2.9600416 
Shuangao_Insect_Virus_1_YP_009300681          3.6669493 8.2206667 3.9834797 4.0234730 4.1217987 3.9462699 0.0000000 3.6277435 3.7573314 3.6143829 3.6543347 3.6473319 3.5293538 3.6466489 3.6183889 3.6697396 3.7644214 3.8116256 3.7996225 3.6223164 3.6232788 3.7788886 3.6052063 3.7320591 3.8213787 3.7806075 3.7695205 3.7423948 3.7167325 3.7448192 3.7975038 3.7884100 3.8273832 3.7563896 3.7461893 3.6888827 3.7059582 3.6837256 3.7194523 3.7283806 3.7367483 3.8512193 3.8339261 3.7950934 3.7366747 3.8448306 3.6937368 3.8322025 3.9299721 3.8584020 3.8840898 3.7653560 3.7809969 3.9381705 3.9142717 3.8959639 3.9993857 3.8597076 3.8615789 3.8580491 3.8630017 3.6680715 3.7002953 3.8577296 3.8773697 3.6322398 3.9047054 3.7145481 3.8470286 3.7809840 3.8853941 3.7082138 3.7749728 3.8434025 3.7792832 3.7057455 3.6141077 3.8015561 3.6239378 3.5793041 3.6174051 3.7204734 3.6556397 3.6918002 3.6066521 3.6449281 3.8774793 3.7120995 3.5090349 3.5799374 3.7608663 3.4886328 3.4860913 3.5405630 3.5060792 3.5418892 3.6613909 3.6473514 3.5093495 3.5350743 3.8228399 3.6472310 3.6431668 3.6807891 3.6538697 3.6142001 3.8585880 3.8041913 3.6849640 3.6580199 3.8426031 3.6544186 3.7484824 3.8388882 3.8966414 3.6221803 3.9125280 3.8234386 3.7859213 3.9145022 3.6518821 3.7035424 3.6619889 3.9301593 3.7007756 3.6742664 3.7151718 3.6286372 3.7080325 3.6885129 3.7279245 3.7150138 3.8085570 3.7073593 3.7027838 3.8122890 3.8417788 3.7253845 3.7134311 3.7264344 3.5981641 3.8073504 3.7100409 3.6494843 4.0344523 3.9443886 5.6949304 3.9613980 3.6889797 
Telok_Forest_virus_YP_010840645               3.1967081 6.2976368 3.5355643 3.5561468 3.5426218 3.5596642 3.6277435 0.0000000 0.6483616 0.2459457 0.2443256 0.2342280 0.2271672 1.2198933 1.2050528 1.2471277 0.6474178 0.6652045 0.6483943 0.6729689 0.6735943 0.6415114 0.6781953 0.6634561 0.6635260 0.6830313 1.1343355 1.0237542 0.9256820 0.9738714 0.9427641 0.9399746 0.9600109 0.9450046 0.9701022 0.9454762 0.9296292 0.9299869 0.9425228 0.9314070 0.9318158 1.2522962 1.2487146 1.2453853 1.2464222 1.2494702 1.2445561 1.2383904 1.3189503 1.1704721 1.2134295 1.3885362 1.1587634 1.2648401 1.2662425 1.2602949 1.2889313 1.2537846 1.2219195 1.6059750 1.2722199 1.1703109 1.1631474 1.1823510 1.2749557 1.1467619 1.0594235 1.1750106 1.2651162 1.2379025 1.6015130 1.2072216 1.2457032 1.2627205 1.2356041 1.1992837 1.1835622 1.2731910 1.1684834 1.1633626 1.1678484 1.1912405 1.2146414 1.1933346 1.1530178 1.1720772 1.0397607 1.2152105 1.1114287 1.2004897 1.2226070 1.1303598 1.1609875 1.1433475 1.1496164 1.1497277 1.1386499 1.2171494 1.1466165 1.1396383 1.2078883 1.2020886 1.2011308 1.2052229 1.2008106 1.1935799 1.1865995 1.2015441 1.1967592 1.2708297 1.2883144 1.2633453 1.2414862 1.2429358 1.2874991 1.2176243 1.2705271 1.6451355 1.3336883 1.3317155 1.1713255 1.1767497 1.0857258 1.0832519 1.0799200 1.0456952 1.1043514 1.0609088 1.0770535 1.0883799 1.1023189 1.0716881 1.0713821 1.0839815 1.0920541 1.0995498 1.0762147 1.0730730 1.1011552 1.0667980 1.0699178 1.0763519 1.0621152 1.0565308 1.2671064 1.6418754 4.8808784 1.5958224 2.8505947 
Umbre_virus_YP_009664559                      3.1293699 5.9912593 3.5717933 3.6355388 3.6280788 3.5424328 3.7573314 0.6483616 0.0000000 0.7136556 0.7102621 0.6717526 0.6889720 1.2297068 1.2287428 1.2181972 0.1731324 0.1513769 0.1428067 0.6318567 0.6326542 0.0586240 0.6260194 0.3439944 0.3911115 0.3545663 1.0867180 0.9935293 0.8941499 0.9000642 0.8631180 0.8846815 0.8936345 0.8923580 0.8830017 0.8889852 0.8800003 0.8862816 0.8783278 0.8980671 0.8881483 1.1913384 1.1580201 1.1458819 1.1883346 1.1755833 1.1727966 1.1724105 1.2957188 1.1168119 1.1714567 1.3678549 1.1093393 1.2391393 1.2707167 1.2610887 1.2791433 1.2770413 1.2051370 1.6570599 1.2729283 1.1534130 1.1415206 1.1115377 1.2927488 1.1299715 1.0139163 1.1406460 1.2822663 1.1678529 1.6364187 1.1620576 1.2607257 1.2912121 1.2368071 1.1850029 1.1431600 1.2181645 1.1305254 1.1273387 1.1363446 1.1442496 1.1509383 1.1561345 1.0933457 1.0998671 1.0476122 1.1821310 1.1385338 1.1445550 1.1611668 1.1368126 1.1574187 1.1204673 1.1487999 1.1231146 1.1174667 1.2427805 1.1631374 1.1171155 1.1983175 1.2089222 1.2124448 1.1994282 1.2139148 1.1795190 1.2165525 1.1727804 1.1733319 1.2473900 1.1935789 1.2449758 1.1713154 1.1903801 1.2279685 1.2611509 1.2400306 1.6513816 1.3067465 1.2463975 1.2038468 1.2313393 1.1060617 1.1002884 1.0997807 1.0720555 1.1114525 1.0966011 1.0766269 1.0870528 1.1166005 1.1031400 1.0877498 1.1055472 1.1206875 1.1049065 1.1080500 1.1007151 1.1034224 1.1350219 1.1276364 1.1376610 1.1295518 1.1034514 1.2540673 1.6535990 4.8059154 1.6071691 2.8742243 
Bakau_virus_YP_010840725                      3.2325877 6.3574564 3.5800053 3.6730866 3.6260250 3.5042157 3.6143829 0.2459457 0.7136556 0.0000000 0.0612729 0.2935710 0.2674111 1.2645540 1.2219891 1.2656518 0.6972673 0.7252395 0.7080693 0.7096605 0.7088260 0.6937340 0.7029609 0.7143334 0.7064490 0.7036739 1.1239507 1.0275033 0.9510762 0.9964423 0.9765367 0.9768668 0.9755092 0.9723846 0.9878303 0.9767223 0.9226007 0.9508442 0.9759359 0.9569360 0.9368266 1.2625544 1.2512763 1.2253330 1.2195430 1.2501301 1.2479929 1.2389775 1.3262504 1.2136458 1.2078666 1.3621764 1.2082179 1.3154559 1.3135726 1.3071217 1.2939720 1.2641419 1.2298327 1.6854105 1.2732261 1.1728322 1.1654445 1.1993562 1.2743628 1.1426429 1.0680138 1.1687520 1.2858639 1.2668625 1.6272773 1.1790671 1.2523861 1.3162052 1.2315118 1.1639527 1.1409588 1.3042382 1.1427851 1.1420846 1.1390126 1.1639593 1.1952437 1.1779594 1.1253788 1.1619794 1.0739536 1.1818091 1.1275272 1.1988490 1.2327688 1.1186816 1.1334682 1.1196652 1.1198090 1.1395263 1.1469438 1.2348707 1.1320538 1.1319907 1.2341306 1.1874980 1.1877682 1.2052600 1.1891257 1.2372510 1.2267912 1.2101021 1.2159492 1.3287007 1.3153722 1.3240139 1.2424296 1.2258907 1.3122436 1.2837522 1.2718222 1.6826660 1.3372256 1.3457117 1.2401767 1.2267092 1.0827251 1.1400465 1.0920825 1.0602264 1.1076716 1.0736694 1.0857944 1.1047459 1.0959097 1.0995281 1.0968936 1.0759923 1.1110772 1.1011906 1.0716871 1.0567578 1.1053853 1.0723360 1.0917336 1.1061282 1.0809869 1.0687286 1.2614802 1.6257880 4.9127103 1.6390960 2.8638219 
Ketapang_virus_YP_010840686                   3.2591474 6.4072675 3.5783869 3.6338078 3.5779240 3.5944525 3.6543347 0.2443256 0.7102621 0.0612729 0.0000000 0.2866839 0.2663927 1.2784343 1.2476717 1.2676239 0.6974191 0.7111255 0.6916690 0.7194012 0.7185612 0.6950731 0.7143699 0.7026715 0.7057748 0.7043985 1.1301279 1.0230902 0.9523486 0.9931398 0.9624840 0.9743364 0.9835607 0.9741516 0.9859166 0.9723788 0.9372337 0.9524729 0.9700558 0.9589929 0.9496909 1.2641834 1.2406900 1.2147991 1.2212165 1.2523154 1.2474255 1.2247780 1.3205887 1.2182927 1.2015479 1.3760316 1.2072969 1.2927351 1.2919618 1.2810795 1.3059728 1.2738759 1.2274427 1.6830662 1.2862110 1.1613192 1.1606456 1.2137724 1.2922003 1.1465434 1.0675022 1.1762128 1.2900231 1.2628748 1.6185987 1.1815194 1.2764543 1.3194624 1.2502074 1.1664282 1.1536686 1.3172744 1.1443268 1.1484180 1.1413935 1.1554566 1.1865039 1.1761191 1.1255942 1.1683200 1.0746825 1.1789410 1.1251119 1.1721600 1.2235610 1.1074138 1.1265394 1.1082056 1.1139502 1.1151036 1.1293936 1.2164328 1.1303180 1.1025523 1.2312260 1.1802324 1.1782020 1.1881833 1.1781588 1.2074609 1.2350503 1.2023837 1.1896373 1.3368224 1.3369497 1.3318713 1.2446327 1.2445241 1.3250432 1.2863778 1.2599899 1.6912526 1.3573528 1.3603747 1.2187374 1.2031843 1.0904413 1.1341295 1.1060265 1.0701084 1.1154551 1.0946967 1.1006515 1.1134654 1.1134384 1.1141688 1.1081117 1.0998383 1.1261110 1.1268705 1.0805332 1.0778928 1.1094979 1.0846982 1.0857418 1.1065296 1.0872775 1.0601646 1.2825254 1.6391947 4.8658122 1.6311546 2.8555226 
Witwatersrand_virus_YP_009667021              3.3382617 6.4142765 3.5581939 3.6217239 3.5109661 3.5668728 3.6473319 0.2342280 0.6717526 0.2935710 0.2866839 0.0000000 0.2446527 1.3105162 1.2838792 1.3211125 0.6747833 0.6923559 0.6724352 0.7046649 0.7038383 0.6606802 0.7053336 0.6765332 0.7025485 0.6877578 1.1710904 1.0600266 0.9709442 1.0106907 0.9861867 0.9904424 0.9945100 0.9969408 0.9982943 0.9839877 0.9528181 0.9835385 0.9929648 0.9731576 0.9657597 1.3071720 1.2990049 1.2852287 1.2780110 1.2980559 1.2779762 1.2888346 1.3658329 1.2425294 1.2685320 1.4413218 1.2385728 1.2797125 1.2881398 1.2813220 1.3125555 1.2775449 1.2897875 1.6734690 1.3029172 1.2073076 1.1938279 1.1965448 1.3023619 1.1935793 1.0663844 1.2277045 1.2861920 1.2932617 1.6520355 1.2582520 1.2817025 1.2725170 1.2401147 1.2391197 1.2123328 1.3387000 1.2056535 1.2096250 1.2070488 1.2274637 1.2458019 1.2357905 1.1760396 1.2054319 1.0723693 1.2187533 1.1788957 1.2216235 1.3047071 1.1685985 1.1970313 1.1796787 1.1904866 1.1878134 1.1776042 1.2255865 1.1908551 1.1646473 1.2755975 1.2164278 1.2144504 1.2066554 1.2167749 1.2297022 1.2947808 1.1924897 1.1965210 1.3541780 1.3146491 1.3469351 1.2689073 1.2530265 1.2939386 1.3248987 1.2990337 1.6742124 1.4512036 1.3257678 1.2547293 1.2471793 1.0968295 1.1581557 1.0904719 1.0726948 1.1140966 1.0744075 1.0810648 1.0887395 1.1127532 1.0836774 1.1065202 1.0955516 1.1039302 1.1199652 1.0834190 1.1015324 1.1064868 1.0878379 1.0955971 1.1035957 1.0793239 1.1073608 1.3380366 1.6697683 4.7384532 1.6162504 2.9388977 
Nola_virus_YP_010840669                       3.1923402 6.3814176 3.6354352 3.6307374 3.5825202 3.5465456 3.5293538 0.2271672 0.6889720 0.2674111 0.2663927 0.2446527 0.0000000 1.2813201 1.2642215 1.2913091 0.6733613 0.6710231 0.6650927 0.7043062 0.7034764 0.6816338 0.6996276 0.7012629 0.7042460 0.7108720 1.1238358 1.0500618 0.9580439 0.9979796 0.9763020 0.9627805 0.9947239 0.9933484 0.9962397 0.9797123 0.9375364 0.9655987 0.9678684 0.9621626 0.9505456 1.2875790 1.2582250 1.2708967 1.2528482 1.2773110 1.2309267 1.2640929 1.3638710 1.2222674 1.2546947 1.4244825 1.2184588 1.2688995 1.2709829 1.2632605 1.2703633 1.2656080 1.2732242 1.6703562 1.2720428 1.2227336 1.1943666 1.1909207 1.2769005 1.2008073 1.0647407 1.2301061 1.2755115 1.2642541 1.5809268 1.2161520 1.2640783 1.3022869 1.2420213 1.2284929 1.2261300 1.3200200 1.2167353 1.2071811 1.2111059 1.2260852 1.2223808 1.2242128 1.1694345 1.2082884 1.0599426 1.2066501 1.1589745 1.1993726 1.2962606 1.1502240 1.2118133 1.1648501 1.2037136 1.1648217 1.1849787 1.2318246 1.2043128 1.1722731 1.2921387 1.2181738 1.2131681 1.2098093 1.2297990 1.2256123 1.2511979 1.2331128 1.1908507 1.3143996 1.3110458 1.3073386 1.2651629 1.2739287 1.3056604 1.3062651 1.3096241 1.6945964 1.3848325 1.3674605 1.2534392 1.2420800 1.1184958 1.1509362 1.1134715 1.0818281 1.1444936 1.1179202 1.1149737 1.1189658 1.1333335 1.1214730 1.1260779 1.1150931 1.1439244 1.1345335 1.0911240 1.1100962 1.1367899 1.0932716 1.0909451 1.1148351 1.0968459 1.1035863 1.3076964 1.6358218 4.8936607 1.6195468 2.8859711 
Tete_orthobunyavirus_YP_009512923             3.0096681 6.5096492 3.5713777 3.5161912 3.5008356 3.3323285 3.6466489 1.2198933 1.2297068 1.2645540 1.2784343 1.3105162 1.2813201 0.0000000 0.1661553 0.0473488 1.2431432 1.2726713 1.2549347 1.1548776 1.1557874 1.2160777 1.1229562 1.2597294 1.2666188 1.2753859 1.0953724 0.9774672 0.9598052 0.9750262 0.9579023 0.9479646 0.9858784 0.9469964 0.9568005 0.9627126 0.9158473 0.9546733 0.9475955 0.9599662 0.9227688 0.9288528 0.9345332 0.9188051 0.9249093 0.9338928 0.9156358 0.9312663 0.9733975 0.8276181 0.8912991 0.7386634 0.9913216 0.9638190 0.9718181 0.9698144 0.9350422 0.9277917 0.8724293 1.4576156 0.9335673 0.8888680 0.8718691 1.0244069 0.9394231 0.8751912 0.9850160 0.8725052 0.9326242 0.8960660 1.4954464 0.8984990 0.9234172 0.9365065 0.9250470 0.8902442 0.8826093 0.9092891 0.8544409 0.8651183 0.8622608 0.8873250 0.8436837 0.8916573 0.8435789 0.8500853 0.9330042 0.8768966 0.8368323 0.9086514 1.0914637 0.8360563 0.8624957 0.8538811 0.8598189 0.8686474 0.8606826 0.9146874 0.8574527 0.8523881 1.1272296 0.8572416 0.8578131 0.8762148 0.8681447 0.8826470 1.1495321 1.0743759 0.8545367 1.1666139 1.1317200 1.1621092 1.1952838 1.1369997 1.1789627 1.1518043 1.1758079 1.4108235 0.7004139 1.1773065 1.0345127 1.0562052 0.9288489 0.9876107 0.9245411 0.9263302 0.9511046 0.9194729 0.9091149 0.9125971 0.9506564 0.9153863 0.9255932 0.9247133 0.9200553 0.9736806 0.9275159 0.9285357 1.0533113 1.0203712 0.9877160 1.0236756 1.0027870 1.0169947 1.1183638 1.4304594 4.5297002 1.3815770 2.6500950 
Matruh_virus_YP_010839535                     2.9415814 6.6505009 3.5488121 3.4761815 3.5237426 3.3681193 3.6183889 1.2050528 1.2287428 1.2219891 1.2476717 1.2838792 1.2642215 0.1661553 0.0000000 0.1653555 1.1936794 1.2482805 1.2349106 1.0963486 1.0972263 1.2004210 1.0867289 1.2470720 1.2200171 1.2177747 1.0834071 0.9591198 0.9281517 0.9458076 0.9443142 0.9277559 0.9656975 0.9202625 0.9506126 0.9454118 0.8764650 0.9263149 0.9283386 0.9254618 0.9038598 0.8963236 0.9034932 0.9016039 0.9039427 0.9202809 0.8713985 0.8939437 0.9660690 0.8241164 0.8860740 0.7271494 0.9702310 0.9385804 0.9378343 0.9362961 0.9354354 0.9103685 0.8843662 1.4425017 0.9010101 0.8732147 0.8571939 0.9891674 0.9077425 0.8627907 0.9550111 0.8744715 0.9188068 0.8692191 1.4930694 0.8830035 0.9035929 0.9089041 0.8831942 0.8812430 0.8843349 0.8769271 0.8522317 0.8686232 0.8562383 0.8784778 0.8347513 0.8774997 0.8332702 0.8354182 0.9247624 0.8553803 0.8342326 0.9005264 1.0981088 0.8296345 0.8309213 0.8363258 0.8355789 0.8443500 0.8431178 0.8736928 0.8419251 0.8391415 1.1313122 0.8388193 0.8363530 0.8391363 0.8421815 0.8530460 1.1668857 1.0426260 0.8663559 1.1444317 1.1323364 1.1399057 1.1163179 1.0905059 1.1669999 1.1388250 1.1581120 1.4155762 0.6930906 1.1630458 1.0323714 1.0698958 0.9542988 1.0036125 0.9648355 0.9333362 0.9783046 0.9404813 0.9401515 0.9400209 0.9596577 0.9393656 0.9709482 0.9551538 0.9523902 0.9488323 0.9348628 0.9344188 1.0573157 0.9933178 0.9808406 1.0209664 0.9943148 1.0438353 1.1182233 1.4092902 4.6187694 1.3628995 2.6750506 
Batama_virus_YP_010840722                     2.9864157 6.4909999 3.5909027 3.4969197 3.5012481 3.3143812 3.6697396 1.2471277 1.2181972 1.2656518 1.2676239 1.3211125 1.2913091 0.0473488 0.1653555 0.0000000 1.2416323 1.2734125 1.2663281 1.1465317 1.1474400 1.2146854 1.1221345 1.2682061 1.2544362 1.2606388 1.0902090 0.9614159 0.9601846 0.9666109 0.9485887 0.9450897 0.9888704 0.9461426 0.9493406 0.9622747 0.9147475 0.9556593 0.9473506 0.9595490 0.9277310 0.9254114 0.9268456 0.9116305 0.9097873 0.9364830 0.9007415 0.9194598 0.9612650 0.8355977 0.8977385 0.7461066 1.0013961 0.9543294 0.9710655 0.9688238 0.9489610 0.9357636 0.8717954 1.4496073 0.9274508 0.8907050 0.8872292 1.0045325 0.9354426 0.8814933 0.9847796 0.8820395 0.9276707 0.8875022 1.4805538 0.8980053 0.9165532 0.9505206 0.9173368 0.9006266 0.8861138 0.8979299 0.8578652 0.8731918 0.8664608 0.8766976 0.8515273 0.8888891 0.8513916 0.8605370 0.9315040 0.8764727 0.8378434 0.9015322 1.0980528 0.8242065 0.8663363 0.8427639 0.8522301 0.8641569 0.8444500 0.9121409 0.8594736 0.8348910 1.1140306 0.8534362 0.8553054 0.8676064 0.8665034 0.8860770 1.1651439 1.0869102 0.8559196 1.1587381 1.1381632 1.1563683 1.1945106 1.1252245 1.1759497 1.1570944 1.1618150 1.3798265 0.6960175 1.1769717 1.0372508 1.0636417 0.9307168 1.0046410 0.9271362 0.9356890 0.9580543 0.9262605 0.9210619 0.9216945 0.9381012 0.9251639 0.9302249 0.9242156 0.9337738 0.9717893 0.9347078 0.9366778 1.0426330 1.0119815 0.9899357 1.0263158 1.0091485 1.0110941 1.1319197 1.4058233 4.5224198 1.3726100 2.6349853 
Turlock_orthobunyavirus_YP_010840636          3.0806618 6.0334112 3.4581091 3.4540307 3.4846164 3.5396193 3.7644214 0.6474178 0.1731324 0.6972673 0.6974191 0.6747833 0.6733613 1.2431432 1.1936794 1.2416323 0.0000000 0.1719882 0.1553651 0.6305050 0.6318132 0.1684996 0.6206723 0.3305136 0.3927425 0.3612175 1.0721229 0.9826515 0.9076349 0.9310245 0.9110267 0.8791208 0.9019913 0.8946242 0.9242272 0.8916809 0.8790148 0.9031813 0.8773427 0.9083460 0.8853208 1.1904862 1.1483508 1.1456371 1.1735989 1.1666515 1.1424563 1.1494756 1.2325483 1.1036510 1.1378122 1.3530044 1.1246850 1.2480394 1.2530322 1.2469338 1.2762489 1.2361460 1.1666428 1.6278137 1.2448722 1.1299500 1.1251378 1.1235287 1.2565479 1.1047588 1.0080600 1.1250241 1.2607593 1.1464105 1.6533587 1.1333813 1.2166257 1.2351275 1.1809743 1.1421336 1.0891435 1.2004240 1.0937483 1.0871906 1.0992177 1.0982148 1.0998523 1.1008732 1.0707594 1.0732996 1.0419035 1.1382639 1.1005625 1.1376613 1.1552691 1.1014023 1.1230141 1.1007115 1.1171027 1.0982923 1.1149568 1.2482597 1.1082312 1.0952843 1.1914423 1.2081043 1.2046779 1.2021095 1.2061778 1.1553924 1.1989240 1.1523683 1.1665828 1.2207350 1.1874595 1.2206815 1.1278976 1.1414556 1.2343765 1.2365459 1.2398232 1.6330823 1.3039432 1.2188158 1.1653047 1.1942345 1.0722926 1.1273519 1.0864906 1.0512873 1.0870021 1.0822023 1.0711760 1.0882581 1.1219862 1.0802679 1.0712183 1.0769879 1.1089572 1.1139675 1.0729410 1.0757985 1.0825526 1.1042161 1.1042006 1.1199694 1.1045280 1.0533545 1.2364577 1.6093155 5.0069609 1.5928261 2.8933064 
Lednice_virus_YP_010840629                    3.1067102 6.2175932 3.5094359 3.4703975 3.4861946 3.5258679 3.8116256 0.6652045 0.1513769 0.7252395 0.7111255 0.6923559 0.6710231 1.2726713 1.2482805 1.2734125 0.1719882 0.0000000 0.0657169 0.6637092 0.6650559 0.1546630 0.6613722 0.3640510 0.4148384 0.3804350 1.1279700 1.0002003 0.9579698 0.9536535 0.9254614 0.9417399 0.9328930 0.9474564 0.9490187 0.9583580 0.9136805 0.9596115 0.9319944 0.9611681 0.9184390 1.1970145 1.1704820 1.1816619 1.2219177 1.1863614 1.1662979 1.1777176 1.2575167 1.1442223 1.1974721 1.4145106 1.1527671 1.2468485 1.2517782 1.2422619 1.3122177 1.2813412 1.2096533 1.6577298 1.3060560 1.1582639 1.1396654 1.1443126 1.3216929 1.1294465 1.0103526 1.1474951 1.3051856 1.1839306 1.6187315 1.1687097 1.2624247 1.2809869 1.2364085 1.1630151 1.1419777 1.2400196 1.1351828 1.1456685 1.1389971 1.1385543 1.1371769 1.1371612 1.0968855 1.1044642 1.0398155 1.1776352 1.1534953 1.1547608 1.2085573 1.1412581 1.1585692 1.1397322 1.1535424 1.1389857 1.1316377 1.2693725 1.1617466 1.1344591 1.2104538 1.2229924 1.2195451 1.2297496 1.2196256 1.1871591 1.2532562 1.2240961 1.1803880 1.2662344 1.2147809 1.2673700 1.1844305 1.1871897 1.2547190 1.2375427 1.2425299 1.6389032 1.3280651 1.2746497 1.1986598 1.2160959 1.0998246 1.1403430 1.1150440 1.0765403 1.1082896 1.1026139 1.1074983 1.1221709 1.1041732 1.1256013 1.1193625 1.1104829 1.1363918 1.1398196 1.1178399 1.0993601 1.1308567 1.1437786 1.1436706 1.1606161 1.1477752 1.1132555 1.2734203 1.6838160 4.8778406 1.5870964 2.8415598 
M_Poko_virus_YP_010840680                     3.1361858 5.9799710 3.4959477 3.4974808 3.4951372 3.4810795 3.7996225 0.6483943 0.1428067 0.7080693 0.6916690 0.6724352 0.6650927 1.2549347 1.2349106 1.2663281 0.1553651 0.0657169 0.0000000 0.6571359 0.6580442 0.1479061 0.6541375 0.3468719 0.4069594 0.3817577 1.1124127 0.9997862 0.9477988 0.9490709 0.9099589 0.9219879 0.9230939 0.9406247 0.9395249 0.9364185 0.9008255 0.9399521 0.9135315 0.9543401 0.9073310 1.1918024 1.1658176 1.1797312 1.2111438 1.1715134 1.1556075 1.1782575 1.2593132 1.1371437 1.1704286 1.3890234 1.1327363 1.2404611 1.2514365 1.2479060 1.2861073 1.2677297 1.1974635 1.6702267 1.2880092 1.1392565 1.1222590 1.1484906 1.2986042 1.1173091 1.0075433 1.1398733 1.2921097 1.1697794 1.6473558 1.1372089 1.2302962 1.2448244 1.2155096 1.1504327 1.1232368 1.2327383 1.1090189 1.1251167 1.1071558 1.1165722 1.1233414 1.1266139 1.0944462 1.0952737 1.0435347 1.1594770 1.1246420 1.1523966 1.1854366 1.1260092 1.1397793 1.1322185 1.1300901 1.1205629 1.0969003 1.2504262 1.1446470 1.1229608 1.2127852 1.1992935 1.1964712 1.2057249 1.1951772 1.1669937 1.2562423 1.2048908 1.1697427 1.2355208 1.2022990 1.2357761 1.1709695 1.1966063 1.2354553 1.2534355 1.2322904 1.6664042 1.3083164 1.2426698 1.1826672 1.2123721 1.0974201 1.1172034 1.1196773 1.0655408 1.1122735 1.1097232 1.1130564 1.1196799 1.1212580 1.1240779 1.1173307 1.1024987 1.1287860 1.1205367 1.1367877 1.0955041 1.1122749 1.1322210 1.1224382 1.1378123 1.1328783 1.1135744 1.2522140 1.6630154 4.8580363 1.6086521 2.8238336 
Alajuela_virus_YP_009507859                   3.0315604 5.9538559 3.4497299 3.4063052 3.4270771 3.2923365 3.6223164 0.6729689 0.6318567 0.7096605 0.7194012 0.7046649 0.7043062 1.1548776 1.0963486 1.1465317 0.6305050 0.6637092 0.6571359 0.0000000 0.0005531 0.6311802 0.0352398 0.6285751 0.6438934 0.6267232 1.0472295 0.8695279 0.7973978 0.8064239 0.8084117 0.8093661 0.8111184 0.8113415 0.8059382 0.8095739 0.7941751 0.8092938 0.8152595 0.8028959 0.8159740 1.1721224 1.1662242 1.1628120 1.1602361 1.1616640 1.1311759 1.1652405 1.2178675 1.1214507 1.1747773 1.3380454 1.0368150 1.1754446 1.1747411 1.1783564 1.1828181 1.1873349 1.1450745 1.5743797 1.2105117 1.0724759 1.0769401 1.0223850 1.2029123 1.0828404 1.0066176 1.0873724 1.1874211 1.1357128 1.6324392 1.0935222 1.1442860 1.1702617 1.1186000 1.1097300 1.0893718 1.1763168 1.1220144 1.1212554 1.1107746 1.1399292 1.1128099 1.1390918 1.0340290 1.0689115 0.9942608 1.0958258 1.0850900 1.0791684 1.0864587 1.0900967 1.1139408 1.0740529 1.1161578 1.0797839 1.0643452 1.1858629 1.1010550 1.0629780 1.1353926 1.1318878 1.1267818 1.1478749 1.1463448 1.1250321 1.0786875 1.1106009 1.0937094 1.2155479 1.1591359 1.2132548 1.0839490 1.0859847 1.1541246 1.1373464 1.1990271 1.5679442 1.2879800 1.1699224 1.1527565 1.1690690 1.0401288 1.0890095 1.0478959 0.9990325 1.0382425 1.0467447 1.0447034 1.0363933 1.0552552 1.0442986 1.0512035 1.0373150 1.0423189 1.0202900 1.0148791 1.0398186 1.0531842 1.0712231 1.0702067 1.0607458 1.0339258 1.0115318 1.1755012 1.6017917 4.9290116 1.5803981 2.9285710 
Gamboa_virus_YP_009507871                     3.0339151 5.9575303 3.4522058 3.4092595 3.4300519 3.2944724 3.6232788 0.6735943 0.6326542 0.7088260 0.7185612 0.7038383 0.7034764 1.1557874 1.0972263 1.1474400 0.6318132 0.6650559 0.6580442 0.0005531 0.0000000 0.6317456 0.0346584 0.6298871 0.6446082 0.6259669 1.0490683 0.8702702 0.7983276 0.8071204 0.8091103 0.8103694 0.8121266 0.8123480 0.8066366 0.8102721 0.7948648 0.8102306 0.8162667 0.8038291 0.8163696 1.1729717 1.1664385 1.1630249 1.1611481 1.1618773 1.1320710 1.1660855 1.2188195 1.1223442 1.1749933 1.3393508 1.0376577 1.1742026 1.1734978 1.1771103 1.1815664 1.1860787 1.1452847 1.5747057 1.2092344 1.0713254 1.0757864 1.0235200 1.2016391 1.0816850 1.0074469 1.0862111 1.1861622 1.1366169 1.6327816 1.0923555 1.1430643 1.1690217 1.1174064 1.1085515 1.0882114 1.1765348 1.1208228 1.1200660 1.1095917 1.1387193 1.1116259 1.1378817 1.0329103 1.0677653 0.9950785 1.0946510 1.0839256 1.0780139 1.0866508 1.0889271 1.1127462 1.0729027 1.1149657 1.0786291 1.0632023 1.1846170 1.0998744 1.0618358 1.1365408 1.1306850 1.1255832 1.1466656 1.1451306 1.1232959 1.0795523 1.1094227 1.0925435 1.2137028 1.1600561 1.2114123 1.0846017 1.0865215 1.1553361 1.1382563 1.1999652 1.5693838 1.2889725 1.1711408 1.1538157 1.1701341 1.0409737 1.0898869 1.0487483 0.9998577 1.0390859 1.0475960 1.0455553 1.0372401 1.0561097 1.0451509 1.0520581 1.0381589 1.0431706 1.0211241 1.0157103 1.0406640 1.0540385 1.0720903 1.0710736 1.0616087 1.0347691 1.0123635 1.1764207 1.6025958 4.9290116 1.5815564 2.9312667 
Umbre_virus_YP_010840627                      3.1286683 5.9087054 3.6357827 3.6255304 3.6561906 3.5110355 3.7788886 0.6415114 0.0586240 0.6937340 0.6950731 0.6606802 0.6816338 1.2160777 1.2004210 1.2146854 0.1684996 0.1546630 0.1479061 0.6311802 0.6317456 0.0000000 0.6323411 0.3501990 0.3876932 0.3569198 1.0913031 0.9872515 0.8758430 0.8867400 0.8662316 0.8691496 0.8915491 0.8784945 0.8866688 0.8784061 0.8537330 0.8768792 0.8674251 0.8821326 0.8657669 1.1967260 1.1641329 1.1634023 1.1785200 1.1740057 1.1530373 1.1742099 1.2928458 1.1129396 1.1547077 1.3666303 1.1000599 1.2286503 1.2573618 1.2445109 1.2650960 1.2373859 1.1702254 1.6403977 1.2580218 1.1257829 1.0960399 1.1111361 1.2596716 1.1065071 0.9840058 1.1118057 1.2480025 1.1509335 1.6330805 1.1417046 1.2468565 1.2637682 1.2127746 1.1580145 1.1187925 1.1982513 1.0987315 1.0984850 1.1009726 1.1241799 1.1161144 1.1286100 1.0754768 1.0620862 1.0232324 1.1548629 1.1231419 1.1472728 1.1533489 1.1212140 1.1443306 1.1106328 1.1369376 1.1119002 1.1087412 1.2396026 1.1433848 1.1056764 1.1689236 1.1972228 1.2007237 1.1929462 1.2008782 1.1622216 1.2064170 1.1561517 1.1736752 1.2205035 1.1893082 1.2217128 1.1467866 1.1454449 1.2352167 1.2187825 1.2392218 1.6217942 1.2973486 1.2588138 1.1619677 1.2130250 1.0790475 1.0978171 1.0846162 1.0590893 1.0915460 1.0794839 1.0720386 1.0876787 1.1233337 1.0943995 1.0831149 1.0873760 1.1123202 1.1038238 1.0835825 1.0810133 1.0897279 1.1137211 1.1061807 1.1303642 1.1223853 1.0952966 1.2330717 1.6322563 4.8556982 1.5833950 2.8537226 
San_Juan_virus_YP_010840653                   3.0282131 5.9291539 3.4108156 3.3776872 3.4028235 3.2803481 3.6052063 0.6781953 0.6260194 0.7029609 0.7143699 0.7053336 0.6996276 1.1229562 1.0867289 1.1221345 0.6206723 0.6613722 0.6541375 0.0352398 0.0346584 0.6323411 0.0000000 0.6274233 0.6495719 0.6253866 1.0436760 0.8590280 0.7896123 0.8030399 0.8012092 0.7951237 0.8074687 0.7959763 0.8026516 0.8028421 0.7898374 0.7938551 0.8002683 0.7935398 0.8066843 1.1732314 1.1625187 1.1655896 1.1484382 1.1664174 1.1317329 1.1593646 1.2063730 1.1168399 1.1765908 1.3387506 1.0092192 1.1764993 1.1764237 1.1764207 1.1731630 1.1892278 1.1430619 1.5743563 1.2095551 1.0660977 1.0718656 1.0104863 1.2029888 1.0551115 1.0128356 1.0627229 1.1929691 1.1343578 1.6239125 1.0742657 1.1501851 1.1643093 1.1233128 1.1119641 1.0712098 1.1632792 1.1036603 1.1133714 1.0920495 1.1218675 1.0978243 1.1273047 1.0270459 1.0448984 0.9951191 1.0783131 1.0817642 1.0697846 1.0829380 1.0741283 1.0885546 1.0622420 1.0931350 1.0634774 1.0687560 1.1643528 1.0814662 1.0436117 1.1160716 1.1287975 1.1270050 1.1340621 1.1390586 1.1221315 1.0698058 1.0895131 1.0757466 1.2013376 1.1657757 1.1959595 1.0867264 1.0848849 1.1357006 1.1353468 1.1820011 1.5551075 1.2862464 1.1590822 1.1560440 1.1612383 1.0262935 1.0797204 1.0405403 0.9883001 1.0229410 1.0370130 1.0335943 1.0155655 1.0346367 1.0387871 1.0459706 1.0238434 1.0399159 1.0189185 1.0046946 1.0231768 1.0442292 1.0694503 1.0598296 1.0557556 1.0270889 0.9996635 1.1651867 1.6009317 4.9438002 1.5834223 2.8871553 
Koongol_virus_YP_009507885                    3.0589580 6.0659077 3.6239019 3.5932399 3.6131355 3.4229379 3.7320591 0.6634561 0.3439944 0.7143334 0.7026715 0.6765332 0.7012629 1.2597294 1.2470720 1.2682061 0.3305136 0.3640510 0.3468719 0.6285751 0.6298871 0.3501990 0.6274233 0.0000000 0.2785532 0.2146167 1.1003134 0.9684505 0.9121476 0.9375649 0.9082444 0.8876028 0.9103522 0.9144869 0.9226272 0.9092112 0.8925629 0.9064701 0.8911771 0.9159793 0.8992151 1.1713476 1.1603771 1.1632201 1.1499014 1.1744930 1.1389592 1.1513055 1.2161670 1.0916583 1.1353088 1.3960428 1.0945508 1.2196294 1.2264389 1.2221414 1.2620218 1.2136693 1.1212612 1.6621731 1.2364168 1.1055472 1.1091921 1.1415620 1.2247867 1.0912149 1.0071371 1.1236012 1.2448057 1.1152350 1.6537464 1.1319113 1.1934694 1.2167686 1.1559448 1.1444885 1.1429152 1.1446168 1.1366548 1.1323924 1.1318332 1.1397226 1.1392034 1.1443866 1.0953589 1.0966230 1.0311781 1.1465549 1.0889437 1.1526441 1.1830829 1.0858101 1.1140781 1.1149024 1.1110754 1.1191668 1.1069683 1.2028127 1.1111448 1.0832430 1.2616478 1.1614159 1.1617660 1.1818348 1.1626579 1.1350523 1.1937762 1.1696074 1.1270703 1.2491905 1.2127881 1.2477300 1.1394581 1.1544015 1.2319517 1.2291470 1.2454949 1.6687913 1.3821286 1.2604748 1.1515812 1.1638244 1.1048618 1.1053784 1.1086706 1.0692016 1.1136907 1.1108218 1.0843689 1.0953134 1.1418468 1.1088823 1.1023477 1.1023614 1.1164911 1.1207174 1.1107892 1.1079929 1.0554108 1.0845063 1.0594302 1.0685850 1.0620113 1.0499254 1.1698263 1.6395762 4.9585019 1.6320975 2.8148130 
Baakal_virus_YP_010840740                     3.1006114 6.0045992 3.7332868 3.6364765 3.6524787 3.5560771 3.8213787 0.6635260 0.3911115 0.7064490 0.7057748 0.7025485 0.7042460 1.2666188 1.2200171 1.2544362 0.3927425 0.4148384 0.4069594 0.6438934 0.6446082 0.3876932 0.6495719 0.2785532 0.0000000 0.2906899 1.0675606 0.9664952 0.9219471 0.9745747 0.9493905 0.9203625 0.9559056 0.9413311 0.9696406 0.9346266 0.9277802 0.9323666 0.9313156 0.9259578 0.9323169 1.2083398 1.1885559 1.1855349 1.1839288 1.2105662 1.1625436 1.1798691 1.2746553 1.1313555 1.1776032 1.4174648 1.1043422 1.2383643 1.2327649 1.2291124 1.3004544 1.2804148 1.1540791 1.6776628 1.2857811 1.1561290 1.1728519 1.1279791 1.2850202 1.1367712 1.0221833 1.1864134 1.2736764 1.1764709 1.6489807 1.1796588 1.2154338 1.2351135 1.1816840 1.1977895 1.1769621 1.2238587 1.1731785 1.1727103 1.1717526 1.1563086 1.1931416 1.1832416 1.1574161 1.1727031 1.0650745 1.1706850 1.1656693 1.1884690 1.1603642 1.1334755 1.1723719 1.1438812 1.1654397 1.1499762 1.1592813 1.2458750 1.1561659 1.1575097 1.2289491 1.2042215 1.2043999 1.2140851 1.2072411 1.2014490 1.1894459 1.1825145 1.1875615 1.2405199 1.2040778 1.2356547 1.1512057 1.1443503 1.2087813 1.2244486 1.2719589 1.7064278 1.3642100 1.2531724 1.1387021 1.1836960 1.0698821 1.1028863 1.0916138 1.0393381 1.0792518 1.0887623 1.0675619 1.0749423 1.1183150 1.0838171 1.0871108 1.0700051 1.1036912 1.0794626 1.0559712 1.0658751 1.0598609 1.0609671 1.0854384 1.0710877 1.0718805 1.0461164 1.2232303 1.6499809 4.9602600 1.6564723 2.8789485 
Botambi_virus_YP_010840793                    3.1354470 5.9157924 3.6341436 3.6019685 3.5708452 3.5033253 3.7806075 0.6830313 0.3545663 0.7036739 0.7043985 0.6877578 0.7108720 1.2753859 1.2177747 1.2606388 0.3612175 0.3804350 0.3817577 0.6267232 0.6259669 0.3569198 0.6253866 0.2146167 0.2906899 0.0000000 1.0951433 0.9346777 0.8940565 0.9302058 0.9056572 0.8782438 0.9177613 0.8950629 0.9068382 0.8997428 0.8723250 0.9034502 0.8956191 0.8961700 0.9021223 1.2057840 1.1781264 1.1868236 1.1662511 1.2085268 1.1635952 1.1915323 1.2500444 1.1236405 1.1699541 1.3470682 1.1082238 1.2201574 1.2228801 1.2167326 1.2952273 1.2156097 1.1310665 1.6275004 1.2275360 1.1333105 1.1300822 1.1220425 1.2238063 1.1054638 1.0097901 1.1334489 1.2338720 1.1482358 1.6310450 1.1679497 1.1954001 1.1801919 1.1752812 1.1751468 1.1339230 1.1742865 1.1356048 1.1296904 1.1351603 1.1340230 1.1392659 1.1314735 1.1271621 1.1291574 1.0181214 1.1347151 1.1376055 1.1774028 1.1480312 1.1331916 1.1401921 1.1122486 1.1342863 1.1253421 1.1232788 1.2377410 1.1499300 1.1079517 1.2363001 1.1562121 1.1578271 1.2002039 1.1688612 1.1580710 1.1701595 1.1850986 1.1505592 1.2573716 1.2408058 1.2564308 1.1602700 1.1634547 1.2591640 1.2382932 1.2556827 1.6432009 1.3558966 1.2614372 1.1643672 1.1936697 1.1030149 1.1187406 1.1068259 1.0754643 1.1191431 1.1059346 1.0805617 1.0762653 1.1531986 1.1061199 1.0952783 1.1196375 1.1129283 1.1215335 1.1176140 1.0751575 1.0760344 1.1259997 1.1192702 1.1188720 1.1070297 1.0945684 1.1962439 1.6300332 4.9223687 1.6220861 2.8216981 
